D prob percentile
0.01 0.0 0.0
0.02 0.0 0.0
0.03 0.0 0.0
0.04 0.0 0.0
0.05 0.0 0.0
0.060000000000000005 0.0 0.0
0.06999999999999999 0.0 0.0
0.08 0.0 0.0
0.09 0.0 0.0
0.09999999999999999 0.0 0.0
0.11 0.0 0.0
0.12 0.0 0.0
0.13 0.0 0.0
0.14 0.0 0.0
0.15000000000000002 0.0 0.0
0.16 0.0 0.0
0.17 0.0 0.0
0.18000000000000002 0.0 0.0
0.19 0.0 0.0
0.2 0.0 0.0
0.21000000000000002 0.0 0.0
0.22 0.0 0.0
0.23 0.0 0.0
0.24000000000000002 0.0 0.0
0.25 0.0 0.0
0.26 0.0 0.0
0.27 0.0 0.0
0.28 0.0 0.0
0.29000000000000004 0.0 0.0
0.3 0.0 0.0
0.31 0.0 0.0
0.32 0.0 0.0
0.33 8.57119179260802e-304 7.88806098596612e-309
0.34 1.4176054778071392e-282 1.512112730220604e-287
0.35000000000000003 2.847324689758599e-263 3.4817362887648197e-268
0.36000000000000004 1.1437468676974959e-245 1.587770063392487e-250
0.37 1.4140330922161554e-229 2.209326149043343e-234
0.38 7.821178688915231e-215 1.3648371764586854e-219
0.39 2.6806817010576982e-201 5.189257845563533e-206
0.4 7.568911810572024e-189 1.6155723301985386e-193
0.41000000000000003 2.2598500745348678e-177 5.2904424412704647e-182
0.42000000000000004 8.88774395317606e-167 2.2713522791053394e-171
0.43 5.589397730486635e-157 1.5529131686527825e-161
0.44 6.67294637946671e-148 2.0082591978027395e-152
0.45 1.7610998310102744e-139 5.723154276467298e-144
0.46 1.1765595120840833e-131 4.1173758436805e-136
0.47000000000000003 2.245469968605541e-124 8.441706477413995e-129
0.48000000000000004 1.3639930644869698e-117 5.497288275588023e-122
0.49 2.9054217938488145e-111 1.2530635373215443e-115
0.5 2.3675519979131622e-105 1.0909510061635094e-109
0.51 7.982010606284972e-100 3.9242659197985897e-104
0.52 1.194932625851805e-94 6.260350297374158e-99
0.53 8.467130698729879e-90 4.722007563770873e-94
0.54 3.008935426900237e-85 1.7844770322852065e-89
0.55 5.65148752170668e-81 3.5610487641101994e-85
0.56 5.884310986946039e-77 3.936100084156393e-81
0.5700000000000001 3.547011106783476e-73 2.5168027172535407e-77
0.5800000000000001 1.28780697554008e-69 9.685710320278804e-74
0.59 2.9198119875160344e-66 2.3260595161120736e-70
0.6 4.272952760585164e-63 3.6031353559119926e-67
0.61 4.1602165561243913e-60 3.7107720528415997e-64
0.62 2.770606616721352e-57 2.612371062780781e-61
0.63 1.2947248184144718e-54 1.2896459495348311e-58
0.64 4.346164532977523e-52 4.570446511527044e-56
0.65 1.0708697383391728e-49 1.188173312893296e-53
0.66 1.9756612515998973e-47 2.311438590617462e-51
0.67 2.7797886517338044e-45 3.4272782222848396e-49
0.68 3.0339396748361597e-43 3.939656137281183e-47
0.6900000000000001 2.609265783549541e-41 3.5664397387294266e-45
0.7000000000000001 1.7941651157736853e-39 2.5798894299232863e-43
0.7100000000000001 9.997588656221426e-38 1.5115365995855453e-41
0.72 4.571425419225589e-36 7.263202990784869e-40
0.73 1.7353230035907219e-34 2.895905120876414e-38
0.74 5.528102737726493e-33 9.684737084909282e-37
0.75 1.4928243225698108e-31 2.7441911317410095e-35
0.76 3.449443217107585e-30 6.650291393637654e-34
0.77 6.880070231166049e-29 1.3904919768950308e-32
0.78 1.1942158371915895e-27 2.528983696385627e-31
0.79 1.817723062807524e-26 4.03169586763993e-30
0.8 2.443546995054658e-25 5.674039015778203e-29
0.81 2.9204891087355097e-24 7.096739414075752e-28
0.8200000000000001 3.1227834583780977e-23 7.937834587869115e-27
0.8300000000000001 3.0048190061514225e-22 7.986669304985684e-26
0.8400000000000001 2.6161675414519836e-21 7.268341870967793e-25
0.85 2.0716553398458034e-20 6.013809291517877e-24
0.86 1.4992426383475405e-19 4.545806853642206e-23
0.87 9.960933959077884e-19 3.153515998757277e-22
0.88 6.101765606848395e-18 2.0163214601482504e-21
0.89 3.460050575195314e-17 1.1930359369585319e-20
0.9 1.823152651030483e-16 6.557262534101326e-20
0.91 8.958276340164443e-16 3.359835749121452e-19
0.92 4.11855871290275e-15 1.6102835120650883e-18
0.93 1.7773021903310254e-14 7.24194183427735e-18
0.9400000000000001 7.220562816187584e-14 3.0653374518308736e-17
0.9500000000000001 2.769497049976942e-13 1.2246217839856745e-16
0.9600000000000001 1.0055637404870142e-12 4.630077919099768e-16
0.97 3.4649156334326637e-12 1.6608718293981206e-15
0.98 1.1357594902470877e-11 5.666109839744699e-15
0.99 3.54953537244712e-11 1.842548229793062e-14
1.0 1.0599290074388592e-10 5.723603714305314e-14
1.01 3.03027496260725e-10 1.7018447754407273e-13
1.02 8.310387368528887e-10 4.852962815320796e-13
1.03 2.190207935188586e-09 1.3296103053931835e-12
1.04 5.556798378930381e-09 3.5061084823253364e-12
1.05 1.3594129104680306e-08 8.913020296553268e-12
1.06 3.211751831070848e-08 2.1877721102834886e-11
1.07 7.339035919836511e-08 5.1928065507660403e-11
1.08 1.6242514724195113e-07 1.193544015568704e-10
1.09 3.4863062129837233e-07 2.660077399720738e-10
1.1 7.266550306357516e-07 5.756050639539437e-10
1.11 1.4725407571949891e-06 1.2107588458096169e-09
1.12 2.904579273377416e-06 2.4785424848334205e-09
1.1300000000000001 5.5828092752487295e-06 4.9433329573584244e-09
1.1400000000000001 1.0467194019156723e-05 9.61578405582732e-09
1.1500000000000001 1.9162346493294062e-05 1.826106628529769e-08
1.1600000000000001 3.428632360029556e-05 3.388903837910206e-08
1.17 6.0012374507488e-05 6.151486127875147e-08
1.18 0.00010284523581416969 1.0931165951623368e-07
1.19 0.00017270692977058513 1.903177943613321e-07
1.2 0.00028441999793752385 3.249102366590056e-07
1.21 0.00045968729183727333 5.443117760569012e-07
1.22 0.0007296751363518521 8.954618420301785e-07
1.23 0.001138308965865136 1.447645713468501e-06
1.24 0.0017463854398131957 2.3013414520763307e-06
1.25 0.002636590752091713 3.5998022660258877e-06
1.26 0.003919489909358617 5.543939124851051e-06
1.27 0.005740515322494811 8.411096868294837e-06
1.28 0.008287935101383986 1.2578320263561834e-05
1.29 0.011801722902736258 1.8550677619791316e-05
1.3 0.016583184040211876 2.69951428920298e-05
1.31 0.02300511984690771 3.878042839202777e-05
1.32 0.03152223792114264 5.502300706265876e-05
1.33 0.0426814445258401 7.713936614618914e-05
1.34 0.05713159208385236 0.00010690429628266789
1.35 0.07563220448111403 0.00014651474796139777
1.36 0.09906067045759505 0.00019865849011376367
1.37 0.12841738468251884 0.0002665864953919023
1.3800000000000001 0.16482833002944852 0.0003541876672940241
1.3900000000000001 0.2095446345776599 0.00046606423105732277
1.4000000000000001 0.2639387029229376 0.0006076058488656206
1.4100000000000001 0.32949661184751367 0.000785060305628548
1.42 0.40780657211332144 0.0010055984581547122
1.43 0.500543386592296 0.0012773710594191326
1.44 0.6094489745413006 0.0016095550692279577
1.45 0.7363091762421279 0.002012387147726245
1.46 0.8829271947870182 0.0024971821997753583
1.47 1.051094165879564 0.0030763350931355513
1.48 1.2425574659610834 0.003763304004658004
1.49 1.458987468363579 0.004572574245863094
1.5 1.7019435321912926 0.005519601868962638
1.51 1.9728400561575417 0.006620736840952265
1.52 2.2729134479370114 0.007893126079772923
1.53 2.6031908484150375 0.00935459715504669
1.54 2.9644614105469076 0.011023523949056839
1.55 3.3572508666161505 0.012918676034986512
1.56 3.7818000287698137 0.015059053944133476
1.57 4.23804775988661 0.017463712849273103
1.58 4.725618829738334 0.02015157747757453
1.59 5.243816939981091 0.023141251276382405
1.6 5.791623065768185 0.026450822984696577
1.61 6.367699126552174 0.03009767381113629
1.62 6.970396868424847 0.03409828838730529
1.6300000000000001 7.597771719095545 0.038468072557951746
1.6400000000000001 8.247601267662686 0.043221180892587155
1.6500000000000001 8.917407927312107 0.0483703565654859
1.6600000000000001 9.60448526185523 0.053926785961794094
1.6700000000000002 10.305927397732521 0.05989997003728265
1.68 11.018660902174634 0.06629761409901679
1.69 11.739478485407652 0.07312553729485304
1.7 12.46507387930619 0.08038760271187302
1.71 13.192077255461967 0.08808566859767403
1.72 13.91709057058351 0.09621956084297427
1.73 14.636722264540492 0.10478706650735534
1.74 15.347620784098144 0.11378394783896499
1.75 16.046506461255923 0.12320397593920918
1.76 16.730201336907154 0.13303898295907246
1.77 17.395656586145098 0.1432789314876594
1.78 18.039977268954896 0.15391199960749868
1.79 18.660444197428635 0.16492467994564353
1.8 19.25453277640789 0.17630189094412194
1.81 19.819928737219573 0.18802709850643307
1.82 20.354540742784604 0.20008244614636908
1.83 20.856509895959075 0.21244889176887394
1.84 21.324216230855292 0.22510634924618816
1.85 21.75628230865736 0.2380338330135348
1.86 22.151574074867508 0.2512096039922256
1.87 22.5091991639522 0.2646113152513818
1.8800000000000001 22.828502860119762 0.2782161559381708
1.8900000000000001 23.109061939702364 0.29200099213702796
1.9000000000000001 23.35067663169435 0.30594250345723234
1.9100000000000001 23.553360938856382 0.32001731429215846
1.9200000000000002 23.717331562933136 0.3342021188395527
1.93 23.842995674490453 0.3484737991176126
1.94 23.930937761216427 0.36280953535413557
1.95 23.98190577881353 0.37718690826354806
1.96 23.996796816386176 0.3915839928575678
1.97 23.976642474032246 0.4059794435582302
1.98 23.922594134674373 0.4203525704960118
1.99 23.835908295480248 0.43468340698005203
2.0 23.717932106936026 0.44895276822152713
2.01 23.570089250125555 0.4631423014748288
2.02 23.393866265357484 0.47723452783430853
2.03 23.190799428245693 0.49121287598709445
2.04 22.96246225292233 0.5050617082752138
2.05 22.710453686431336 0.5187663394633013
2.0599999999999996 22.436387043663757 0.5323130486421949
2.07 22.141879718561555 0.5456890847241439
2.0799999999999996 21.828543694809607 0.5588826660030263
2.09 21.49797686790237 0.5718829742634229
2.0999999999999996 21.15175518032717 0.5846801439264108
2.11 20.79142556264915 0.5972652467183726
2.1199999999999997 20.4184996654857 0.6096302723419462
2.13 20.034448360683363 0.6217681056180521
2.1399999999999997 19.64069698440484 0.6336725005520849
2.15 19.238621290232597 0.6453380517604527
2.1599999999999997 18.829544076734745 0.6567601636728801
2.17 18.414732451137073 0.6679350179038566
2.1799999999999997 17.9953956887333 0.6788595391628809
2.19 17.572683646357824 0.6895313600485578
2.1999999999999997 17.147685687572174 0.6999487850463136
2.21 16.721430077095025 0.7101107540240642
2.2199999999999998 16.294883802369796 0.7200168054947377
2.23 15.868952780939006 0.7296670398895273
2.2399999999999998 15.444482413419824 0.7390620830612508
2.25 15.022258443285914 0.748203050213488
2.26 14.603008086305412 0.7570915104283698
2.27 14.187401394307996 0.765729451944134
2.28 13.776052819914407 0.7741192483129502
2.29 13.369522950912934 0.7822636255501109
2.3 12.968320385078913 0.7901656303675093
2.31 12.572903718367321 0.7978285995674644
2.32 12.183683621542762 0.8052561306573245
2.3299999999999996 11.801024982417578 0.8124520537309742
2.34 11.4252490929319 0.8194204046502749
2.3499999999999996 11.0566358623087 0.8261653995476189
2.36 10.695426039442326 0.8326914106601064
2.3699999999999997 10.34182342951902 0.8390029434962762
2.38 9.995997091613665 0.8451046153278896
2.3899999999999997 9.658083505655654 0.8510011349917685
2.4 9.328188698700796 0.8566972839802307
2.4099999999999997 9.006390321888327 0.8621978987930271
2.42 8.692739670797161 0.8675078545189767
2.4299999999999997 8.38726364314853 0.8726320496113921
2.44 8.089966628931892 0.8775753918182518
2.4499999999999997 7.800832329062449 0.8823427852252634
2.46 7.519825499613115 0.8869391183681012
2.4699999999999998 7.246893619507953 0.8913692533683782
2.48 6.981968480318906 0.8956380160470558
2.4899999999999998 6.724967697482166 0.8997501869682778
2.5 6.475796142844475 0.9037104933664306
2.51 6.234347298973428 0.9075236019093234
2.52 6.000504536119662 0.9111941122507927
2.53 5.774142313111571 0.9147265513266684
2.54 5.555127303796626 0.9181253683489492
2.55 5.34331945092532 0.9213949304540373
2.56 5.138572949605277 0.9245395189621426
2.57 4.9407371626433045 0.9275633262062749
2.5799999999999996 4.749657470240494 0.9304704528906766
2.59 4.565176056620162 0.933264905940081
2.5999999999999996 4.387132636249023 0.9359505968027492
2.61 4.2153651223649 0.9385313401718358
2.6199999999999997 4.049710240552985 0.9410108530913013
2.63 3.8900040901174076 0.9433927544142081
2.6399999999999997 3.7360826559827767 0.9456805645829043
2.65 3.5877822738298306 0.9478777057022119
2.6599999999999997 3.4449400511256805 0.9499875018783732
2.67 3.307394246653245 0.9520131797980618
2.6799999999999997 3.174984611078549 0.9539578695233154
2.69 3.0475526910204067 0.9558246054797567
2.6999999999999997 2.924942099006454 0.9576163276170185
2.71 2.80699875161357 0.9593358827212481
2.7199999999999998 2.6935710780011037 0.9609860258618682
2.73 2.5845102009527845 0.9625694219548572
2.7399999999999998 2.4796700924493327 0.9640886474270352
2.75 2.378907705698386 0.9655461919665277
2.76 2.282083085453869 0.9669444603458501
2.77 2.1890594583618617 0.9682857743051239
2.78 2.0997033049772558 0.9695723744839134
2.79 2.01388441500344 0.970806422391184
2.8 1.9314759272178463 0.9719900024037281
2.81 1.8523543554587174 0.9731251237843117
2.82 1.7763996019640236 0.9742137227115505
2.8299999999999996 1.7034949592715123 0.9752576643143034
2.84 1.6335271018100708 0.9762587447040546
2.8499999999999996 1.5663860682371373 0.9772186929994306
2.86 1.5019652355041082 0.9781391733375789
2.8699999999999997 1.440161285562844 0.9790217868677399
2.88 1.3808741655602284 0.9798680737228403
2.8899999999999997 1.3240070423051573 0.9806795149654515
2.9 1.269466251732905 0.9814575345048805
2.9099999999999997 1.2171612440356194 0.9822035009826083
2.92 1.1670045250745213 0.9829187296236604
2.9299999999999997 1.1189115946393895 0.9836044840518381
2.94 1.072800882073714 0.9842619780670983
2.9499999999999997 1.0285936797398532 0.9848923773836287
2.96 0.9862140747567845 0.9854968013274213
2.9699999999999998 0.9455888794045486 0.9860763244925772
2.98 0.9066475605528981 0.9866319783553825
2.9899999999999998 0.8693221684381424 0.9871647528459465
3.0 0.8335472650804686 0.9876755978769285
3.01 0.7992598526048366 0.9881654248292786
3.02 0.7663993017013601 0.9886351079949969
3.03 0.7349072804358934 0.9890854859770549
3.04 0.704727683598242 0.9895173630467597
3.05 0.6758065627538872 0.9899315104589128
3.06 0.6480920571453309 0.9903286677252552
3.07 0.6215343255708206 0.9907095438467286
3.08 0.5960854793514946 0.9910748185051823
3.09 0.5716995164826034 0.9914251432152068
3.0999999999999996 0.5483322570503045 0.9917611424368281
3.11 0.525941279982756 0.9920834146498476
3.1199999999999997 0.5044858611924077 0.9923925333906394
3.13 0.48392691315576075 0.9926890482522618
3.1399999999999997 0.4642269259671737 0.9929734858487482
3.15 0.4453499098944657 0.9932463507444809
3.1599999999999997 0.4272613394562245 0.9935081263495448
3.17 0.40992809903346833 0.9937592757819889
3.1799999999999997 0.39331843002203937 0.9940002426979058
3.19 0.3774018795262111 0.9942314520902714
3.1999999999999997 0.36214925058902264 0.9944533110574462
3.21 0.3475325539501752 0.994666209542283
3.2199999999999998 0.333524961318403 0.994870521042732
3.23 0.32010076014163347 0.9950666032948589
3.2399999999999998 0.30723530985519576 0.9952547989291667
3.25 0.294904999585612 0.9954354361011032
3.26 0.28308720728523207 0.9956088290966157
3.27 0.2717602602709514 0.9957752789136045
3.28 0.2609033971386269 0.9959350738201165
3.29 0.25049673102336767 0.9960884898900884
3.3 0.24052121417480118 0.9962357915174341
3.31 0.23095860381545116 0.9963772319092696
3.32 0.2217914292497213 0.9965130535590199
3.33 0.21300296019042958 0.9966434887001625
3.34 0.20457717626953698 0.9967687597413173
3.3499999999999996 0.19649873769947906 0.9968890796833884
3.36 0.18875295705150844 0.9970046525194389
3.3699999999999997 0.1813257721174766 0.9971156736179565
3.38 0.1742037198216825 0.9972223300901482
3.3899999999999997 0.16737391114967556 0.9973248011418953
3.4 0.1608240070612405 0.9974232584109516
3.4099999999999997 0.15454219535523228 0.9975178662899761
3.42 0.14851716845438506 0.9976087822359683
3.4299999999999997 0.14273810207878387 0.9976961570666348
3.44 0.13719463477724722 0.9977801352442165
3.4499999999999997 0.13187684828650661 0.9978608551472841
3.46 0.126775248688713 0.9979384493309935
3.4699999999999998 0.121880748338479 0.9980130447762583
3.48 0.11718464853137352 0.9980847631283097
3.4899999999999998 0.11267862288649493 0.9981537209250637
3.5 0.10835470141647457 0.9982200298157318
3.51 0.10420525525901331 0.9982837967700655
3.52 0.1002229820447669 0.9983451242786364
3.53 0.09640089187716899 0.9984041105445182
3.54 0.09273229390049792 0.9984608496667323
3.55 0.08921078343323348 0.9985154318158068
3.56 0.08583022964449279 0.9985679434017762
3.57 0.08258476375204066 0.9986184672349441
3.58 0.07946876772109358 0.9986670826797174
3.59 0.07647686344383323 0.9987138658017997
3.5999999999999996 0.07360390238023935 0.9987588895090367
3.61 0.07084495564152728 0.9988022236861791
3.6199999999999997 0.06819530449813808 0.9988439353238008
3.63 0.06565043129487891 0.9988840886416899
3.6399999999999997 0.06320601075644498 0.9989227452068759
3.65 0.0608579016671715 0.9989599640465341
3.6599999999999997 0.0586021389094667 0.9989958017560495
3.67 0.056434925845960986 0.9990303126023787
3.6799999999999997 0.05435262703097978 0.9990635486229472
3.69 0.05235176123749597 0.9990955597202679
3.6999999999999997 0.050428994786257834 0.9991263937524683
3.71 0.04858113516430631 0.9991560966198985
3.7199999999999998 0.046805124920598754 0.9991847123479974
3.73 0.04509803582694359 0.9992122831665766
3.7399999999999998 0.04345706329292352 0.9992388495856693
3.75 0.041879521023935745 0.9992644504681137
3.76 0.04036283591192148 0.9992891230989899
3.77 0.038904543148780564 0.9993129032520617
3.78 0.03750228155287338 0.9993358252533595
3.79 0.03615378909941299 0.9993579220420017
3.8 0.034856898645924665 0.9993792252284135
3.81 0.033609533844318806 0.9993997651500193
3.82 0.03240970523147881 0.99941957092455
3.83 0.0312555064905998 0.9994386705010473
3.84 0.030145110875844636 0.9994570907086757
3.8499999999999996 0.029076767793195277 0.9994748573034408
3.86 0.028048799530681238 0.9994919950128943
3.8699999999999997 0.02705959813145604 0.9995085275789235
3.88 0.026107622403469397 0.9995244777987066
3.8899999999999997 0.025191395059754727 0.9995398675639074
3.9 0.024309499983603284 0.9995547178982122
3.9099999999999997 0.023460579613147424 0.9995690489932223
3.92 0.02264333244010656 0.9995828802428454
3.9299999999999997 0.02185651061768312 0.999596230276217
3.94 0.021098917672805254 0.9996091169891983
3.9499999999999997 0.020369406318129425 0.9996215575745466
3.96 0.01966687635940907 0.9996335685507998
3.9699999999999998 0.018990272694031928 0.9996451657899241
3.98 0.01833858339670948 0.9996563645438042
3.9899999999999998 0.017710837888478808 0.9996671794695873
4.0 0.01710610518534382 0.9996776246539734
4.01 0.01652349222304825 0.9996877136364646
4.02 0.015962142254620428 0.9996974594316361
4.03 0.015421233317484458 0.9997068745504661
4.04 0.01489997676706893 0.9997159710207646
4.05 0.01439761587398205 0.9997247604067467
4.06 0.013913424481950718 0.9997332538277698
4.07 0.01344670572384466 0.999741461976302
4.08 0.012996790793226845 0.9997493951351177
4.09 0.012563037768981931 0.9997570631937853
4.1 0.012144830490685878 0.9997644756644599
4.109999999999999 0.011741577482481327 0.9997716416970152
4.12 0.011352710923323756 0.999778570093545
4.13 0.010977685661557265 0.99978526932226
4.14 0.010615978271870776 0.9997917475308081
4.1499999999999995 0.010267086152769759 0.999798012559034
4.16 0.009930526662784664 0.9998040719512203
4.17 0.00960583629371285 0.9998099329678084
4.18 0.0092925698792692 0.9998156025966464
4.1899999999999995 0.008990299837591427 0.9998210875637638
4.2 0.008698615446115407 0.9998263943436874
4.21 0.008417122147402863 0.9998315291694304
4.22 0.008145440884564361 0.9998364980418311
4.2299999999999995 0.007883207464984545 0.9998413067388224
4.24 0.007630071951109981 0.9998459608240844
4.25 0.007385698077118887 0.9998504656554428
4.26 0.0071497626903411745 0.9998548263929011
4.27 0.006921955216350311 0.9998590480063482
4.28 0.006701977146694317 0.9998631352829522
4.29 0.006489541548280371 0.9998670928342508
4.3 0.006284372593470859 0.9998709251029589
4.31 0.006086205109990048 0.9998746363694911
4.32 0.0058947841497813845 0.9998782307582332
4.33 0.0057098645759933305 0.9998817122435426
4.34 0.005531210667306964 0.9998850846555262
4.35 0.0053585957388556016 0.9998883516855692
4.36 0.005191801779017599 0.9998915168916491
4.37 0.005030619101397264 0.9998945837034393
4.38 0.004874846011337263 0.9998975554271959
4.39 0.004724288486336771 0.9999004352504656
4.3999999999999995 0.004578759869775842 0.9999032262465908
4.41 0.004438080577373595 0.9999059313790439
4.42 0.004302077815833026 0.9999085535055847
4.43 0.004170585313149054 0.9999110953822553
4.4399999999999995 0.004043443060079922 0.9999135596672145
4.45 0.003920497062303818 0.9999159489244199
4.46 0.0038015991028034495 0.9999182656271691
4.47 0.003686606514041835 0.9999205121614921
4.4799999999999995 0.003575381959511103 0.9999226908294219
4.49 0.0034677932242555905 0.9999248038521231
4.5 0.003363713013986199 0.9999268533729112
4.51 0.0032630187624217402 0.9999288414601428
4.52 0.0031655924465073064 0.9999307701099986
4.53 0.0030713204091762053 0.9999326412491559
4.54 0.0029800931893354987 0.999934456737356
4.55 0.002891805358770164 0.9999362183698757
4.56 0.002806355365673266 0.9999379278798957
4.57 0.002723645384522996 0.9999395869407863
4.58 0.0026435811720390994 0.9999411971682955
4.59 0.0025660719289630754 0.9999427601226601
4.6 0.0024910301674173773 0.9999442773106297
4.61 0.002418371583609973 0.9999457501874179
4.62 0.0023480149356599426 0.9999471801585741
4.63 0.0022798819263302175 0.9999485685817849
4.64 0.0022138970904625396 0.9999499167686113
4.6499999999999995 0.0021499876869182453 0.999951225986149
4.66 0.002088083594837659 0.9999524974586381
4.67 0.002028117214038173 0.999953732369
4.68 0.0019700233693792724 0.9999549318603249
4.6899999999999995 0.0019137392189301893 0.9999560970372969
4.7 0.0018592041657824608 0.9999572289675703
4.71 0.0018063597733570746 0.9999583286830875
4.72 0.0017551496840616243 0.9999593971813527
4.7299999999999995 0.0017055195411597303 0.9999604354266565
4.74 0.0016574169137202781 0.9999614443512524
4.75 0.0016107912245201118 0.999962424856492
4.76 0.0015655936807789758 0.9999633778139154
4.77 0.00152177720761063 0.9999643040663022
4.78 0.0014792963840792462 0.9999652044286831
4.79 0.001438107381754391 0.9999660796893145
4.8 0.0013981679056631073 0.9999669306106155
4.81 0.0013594371375412124 0.9999677579300659
4.82 0.0013218756812905714 0.9999685623610937
4.83 0.0012854455105527445 0.9999693445938874
4.84 0.001250109918313269 0.999970105296222
4.85 0.0012158334684545485 0.9999708451142262
4.86 0.0011825819491784687 0.9999715646731356
4.87 0.00115032232822367 0.9999722645780122
4.88 0.0011190227098048138 0.9999729454144454
4.89 0.0010886522932051028 0.9999736077491985
4.8999999999999995 0.0010591813329553907 0.9999742521308873
4.91 0.0010305811005364587 0.9999748790905787
4.92 0.0010028238475436142 0.9999754891423985
4.93 0.0009758827702550797 0.9999760827841043
4.9399999999999995 0.000949731975548331 0.9999766604976461
4.95 0.0009243464481107691 0.9999772227497007
4.96 0.0008997020188932073 0.9999777699921897
4.97 0.0008757753347569235 0.9999783026627774
4.9799999999999995 0.0008525438292671435 0.9999788211853515
4.99 0.000829985694587399 0.9999793259704892
5.0 0.0008080798544315921 0.9999798174158995
5.01 0.0007868059380318449 0.9999802959068593
5.02 0.0007661442550824179 0.9999807618166264
5.03 0.0007460757716211722 0.9999812155068418
5.04 0.0007265820868120085 0.9999816573279137
5.05 0.0007076454105928865 0.9999820876193953
5.06 0.0006892485421556889 0.999982506710339
5.07 0.0006713748492254893 0.999982914919653
5.08 0.0006540082481080936 0.9999833125564241
5.09 0.0006371331844759905 0.9999836999202525
5.1 0.0006207346148640636 0.9999840773015551
5.11 0.0006047979888476132 0.9999844449818722
5.12 0.0005893092318762835 0.9999848032341573
5.13 0.0005742547287385381 0.999985152323055
5.14 0.0005596213076324906 0.9999854925051749
5.1499999999999995 0.0005453962248196805 0.9999858240293517
5.16 0.0005315671498394351 0.9999861471368959
5.17 0.0005181221512623825 0.9999864620618429
5.18 0.0005050496829623895 0.9999867690311807
5.1899999999999995 0.0004923385708872305 0.9999870682650833
5.2 0.00047997800030888203 0.9999873599771278
5.21 0.0004679575035352456 0.9999876443745065
5.22 0.00045626694806574607 0.9999879216582309
5.2299999999999995 0.00044489652517396775 0.999988192023329
5.24 0.0004338367389011619 0.9999884556590405
5.25 0.000423078395445101 0.9999887127489937
5.26 0.00041261259292936617 0.9999889634713919
5.27 0.0004024307115387173 0.9999892079991803
5.28 0.00039252440400682013 0.9999894465002133
5.29 0.00038288558644307825 0.9999896791374164
5.3 0.00037350642948586024 0.9999899060689412
5.31 0.00036437934976995195 0.9999901274483132
5.32 0.0003554970016964588 0.9999903434245837
5.33 0.000346852269493925 0.9999905541424605
5.34 0.000338438259559811 0.9999907597424523
5.35 0.0003302482930719201 0.9999909603609932
5.36 0.0003222758988597908 0.9999911561305732
5.37 0.00031451480652642215 0.9999913471798606
5.38 0.00030695893981105154 0.9999915336338012
5.39 0.00029960241018416983 0.9999917156138206
5.3999999999999995 0.00029243951066616443 0.9999918932377624
5.41 0.0002854647098613936 0.9999920666201667
5.42 0.000278672646199802 0.9999922358722899
5.43 0.00027205812237846743 0.9999924011022191
5.4399999999999995 0.00026561609999577814 0.9999925624149711
5.45 0.0002593416943712049 0.9999927199125861
5.46 0.00025323016954392546 0.9999928736942183
5.47 0.0002472769334437906 0.9999930238562224
5.4799999999999995 0.00024147753322837322 0.999993170492239
5.49 0.00023582765078010215 0.9999933136932795
5.5 0.00023032309835767405 0.999993453547802
5.51 0.00022495981439618788 0.9999935901417893
5.52 0.00021973385945064667 0.9999937235588252
5.53 0.00021464141227765568 0.9999938538801646
5.54 0.0002096787660503749 0.9999939811848032
5.55 0.00020484232470193933 0.9999941055495469
5.56 0.0002001285993927542 0.9999942270490745
5.57 0.00019553420509725364 0.9999943457560047
5.58 0.0001910558573058373 0.9999944617409533
5.59 0.00018669036883792607 0.9999945750725963
5.6 0.0001824346467621598 0.9999946858177233
5.61 0.00017828568941995123 0.9999947940412982
5.62 0.0001742405835487446 0.9999948998065075
5.63 0.0001702965015014433 0.9999950031748185
5.64 0.00016645069855862604 0.9999951042060232
5.6499999999999995 0.0001627005103302902 0.9999952029582941
5.66 0.00015904335024396118 0.9999952994882261
5.67 0.00015547670711615847 0.9999953938508861
5.68 0.00015199814280428454 0.999995486099855
5.6899999999999995 0.0001486052899361354 0.9999955762872725
5.7 0.00014529584971432428 0.9999956644638787
5.71 0.0001420675897930106 0.9999957506790544
5.72 0.00013891834222441455 0.9999958349808596
5.7299999999999995 0.00013584600147271245 0.9999959174160717
5.74 0.00013284852249296054 0.9999959980302248
5.75 0.00012992391887280935 0.9999960768676415
5.76 0.00012707026103484772 0.9999961539714711
5.77 0.00012428567449747395 0.9999962293837201
5.78 0.00012156833819229594 0.9999963031452884
5.79 0.0001189164828361086 0.9999963752959967
5.8 0.0001163283893555894 0.9999964458746201
5.81 0.000113802387362903 0.9999965149189155
5.82 0.00011133685368047704 0.9999965824656553
5.83 0.000108930210913279 0.999996648550647
5.84 0.00010658092606697096 0.9999967132087689
5.85 0.00010428750921039175 0.999996776473989
5.86 0.0001020485121808607 0.9999968383793967
5.87 9.986252733085596e-05 0.9999968989572224
5.88 9.772818631466604e-05 0.9999969582388659
5.89 9.564415891367784e-05 0.9999970162549147
5.8999999999999995 9.36091518989819e-05 0.9999970730351798
5.91 9.16219079300686e-05 0.9999971286086817
5.92 8.968120448837686e-05 0.9999971830037131
5.93 8.778585284455211e-05 0.9999972362478591
5.9399999999999995 8.593469705827028e-05 0.9999972883679772
5.95 8.412661300955539e-05 0.9999973393902495
5.96 8.23605074605351e-05 0.999997389340193
5.97 8.063531714661759e-05 0.999997438242677
5.9799999999999995 7.895000789613014e-05 0.9999974861219413
5.99 7.730357377746287e-05 0.9999975330016149
6.0 7.569503627281013e-05 0.9999975789047297
6.01 7.412344347764314e-05 0.9999976238537405
6.02 7.258786932504801e-05 0.999997667870537
6.03 7.108741283413296e-05 0.9999977109764621
6.04 6.962119738169565e-05 0.9999977531923235
6.05 6.818836999640246e-05 0.999997794538412
6.06 6.678810067473633e-05 0.9999978350345117
6.07 6.54195817180058e-05 0.9999978746999179
6.08 6.408202708972678e-05 0.9999979135534448
6.09 6.277467179271704e-05 0.9999979516134432
6.1 6.149677126526165e-05 0.9999979888978101
6.11 6.024760079573261e-05 0.9999980254240023
6.12 5.9026454955062935e-05 0.9999980612090469
6.13 5.783264704650453e-05 0.9999980962695543
6.14 5.666550857210314e-05 0.9999981306217272
6.15 5.5524388715364725e-05 0.9999981642813733
6.16 5.4408653839581074e-05 0.9999981972639145
6.17 5.331768700132191e-05 0.9999982295843979
6.18 5.225088747860281e-05 0.9999982612575048
6.1899999999999995 5.120767031326072e-05 0.9999982922975608
6.2 5.018746586708622e-05 0.9999983227185455
6.21 4.9189719391274056e-05 0.9999983525341013
6.22 4.821389060876319e-05 0.9999983817575417
6.2299999999999995 4.7259453309068426e-05 0.9999984104018595
6.24 4.63258949551954e-05 0.9999984384797377
6.25 4.5412716302269023e-05 0.9999984660035538
6.26 4.451943102749444e-05 0.9999984929853913
6.27 4.364556537110298e-05 0.9999985194370442
6.28 4.279065778793169e-05 0.999998545370027
6.29 4.195425860930459e-05 0.9999985707955804
6.3 4.113592971489452e-05 0.9999985957246784
6.31 4.033524421424998e-05 0.9999986201680358
6.32 3.955178613768639e-05 0.9999986441361151
6.33 3.878515013625557e-05 0.9999986676391311
6.34 3.803494119049663e-05 0.9999986906870603
6.35 3.730077432771419e-05 0.9999987132896426
6.36 3.658227434750455e-05 0.9999987354563921
6.37 3.587907555528162e-05 0.9999987571965999
6.38 3.519082150355274e-05 0.9999987785193408
6.39 3.4517164740709215e-05 0.999998799433477
6.4 3.385776656709439e-05 0.9999988199476658
6.41 3.3212296798130614e-05 0.9999988400703651
6.42 3.258043353428606e-05 0.999998859809835
6.43 3.1961862937671204e-05 0.9999988791741468
6.4399999999999995 3.1356279015066445e-05 0.9999988981711831
6.45 3.076338340717779e-05 0.9999989168086485
6.46 3.0182885183937654e-05 0.9999989350940688
6.47 2.961450064566289e-05 0.9999989530347977
6.4799999999999995 2.9057953129892564e-05 0.9999989706380205
6.49 2.8512972823734652e-05 0.9999989879107596
6.5 2.7979296581555282e-05 0.9999990048598767
6.51 2.745666774784536e-05 0.999999021492078
6.52 2.6944835985114255e-05 0.999999037813917
6.53 2.6443557106655422e-05 0.9999990538317985
6.54 2.5952592914036944e-05 0.9999990695519843
6.55 2.547171103917867e-05 0.9999990849805923
6.56 2.5000684790874967e-05 0.999999100123606
6.57 2.453929300563385e-05 0.9999991149868728
6.58 2.4087319902700265e-05 0.9999991295761079
6.59 2.364455494314046e-05 0.9999991438969009
6.6 2.3210792692866747e-05 0.9999991579547147
6.61 2.278583268948631e-05 0.9999991717548916
6.62 2.236947931285857e-05 0.9999991853026543
6.63 2.1961541659253876e-05 0.9999991986031102
6.64 2.1561833419004696e-05 0.9999992116612527
6.65 2.1170172757549662e-05 0.9999992244819654
6.66 2.0786382199766584e-05 0.9999992370700246
6.67 2.0410288517500987e-05 0.9999992494301002
6.68 2.0041722620194805e-05 0.9999992615667598
6.6899999999999995 1.968051944852552e-05 0.9999992734844709
6.7 1.9326517870966363e-05 0.9999992851876031
6.71 1.8979560583183774e-05 0.9999992966804312
6.72 1.8639494010188113e-05 0.9999993079671351
6.7299999999999995 1.8306168211159486e-05 0.9999993190518053
6.74 1.797943678686797e-05 0.9999993299384418
6.75 1.7659156789616888e-05 0.9999993406309592
6.76 1.7345188635632763e-05 0.9999993511331867
6.77 1.7037396019832764e-05 0.9999993614488709
6.78 1.6735645832901462e-05 0.9999993715816768
6.79 1.643980808060978e-05 0.9999993815351937
6.8 1.6149755805311156e-05 0.9999993913129274
6.81 1.5865365009554108e-05 0.9999994009183143
6.82 1.5586514581749237e-05 0.9999994103547151
6.83 1.5313086223831996e-05 0.9999994196254177
6.84 1.5044964380864948e-05 0.9999994287336426
6.85 1.4782036172523522e-05 0.9999994376825393
6.86 1.4524191326412431e-05 0.9999994464751911
6.87 1.4271322113160166e-05 0.999999455114616
6.88 1.4023323283241154e-05 0.999999463603768
6.89 1.3780092005477271e-05 0.9999994719455386
6.9 1.3541527807170457e-05 0.9999994801427584
6.91 1.3307532515821242e-05 0.999999488198199
6.92 1.3078010202387508e-05 0.9999994961145721
6.93 1.2852867126041601e-05 0.9999995038945341
6.9399999999999995 1.2632011680381983e-05 0.9999995115406856
6.95 1.2415354341060627e-05 0.9999995190555725
6.96 1.2202807614784403e-05 0.999999526441687
6.97 1.1994285989654256e-05 0.9999995337014704
6.9799999999999995 1.1789705886803243e-05 0.9999995408373126
6.99 1.1588985613297562e-05 0.9999995478515548
7.0 1.1392045316266981e-05 0.9999995547464887
7.01 1.1198806938227967e-05 0.9999995615243589
7.02 1.1009194173568802e-05 0.9999995681873644
7.03 1.0823132426163024e-05 0.9999995747376577
7.04 1.0640548768081496e-05 0.9999995811773476
7.05 1.0461371899370698e-05 0.9999995875085006
7.06 1.0285532108870877e-05 0.9999995937331393
7.07 1.0112961236042124e-05 0.9999995998532456
7.08 9.943592633773604e-06 0.9999996058707616
7.09 9.777361132147422e-06 0.9999996117875886
7.1 9.614203003131467e-06 0.9999996176055909
7.11 9.45405592617601e-06 0.999999623326593
7.12 9.296858954689216e-06 0.9999996289523836
7.13 9.142552483367786e-06 0.9999996344847153
7.14 8.991078216359583e-06 0.9999996399253048
7.15 8.842379136235496e-06 0.9999996452758345
7.16 8.696399473748725e-06 0.9999996505379528
7.17 8.553084678360453e-06 0.9999996557132755
7.18 8.412381389510682e-06 0.9999996608033849
7.1899999999999995 8.274237408614957e-06 0.9999996658098326
7.2 8.138601671766521e-06 0.9999996707341405
7.21 8.005424223125736e-06 0.9999996755778009
7.22 7.87465618897816e-06 0.9999996803422666
7.2299999999999995 7.74624975244288e-06 0.9999996850289731
7.24 7.620158128814874e-06 0.9999996896393228
7.25 7.4963355415229156e-06 0.9999996941746924
7.26 7.374737198688243e-06 0.9999996986364244
7.27 7.255319270266868e-06 0.9999997030258505
7.28 7.138038865760485e-06 0.9999997073442601
7.29 7.022854012481231e-06 0.9999997115929241
7.3 6.909723634354561e-06 0.999999715773088
7.31 6.798607531247744e-06 0.9999997198859715
7.32 6.689466358808208e-06 0.9999997239327723
7.33 6.582261608799894e-06 0.9999997279146634
7.34 6.4769555899236595e-06 0.9999997318327958
7.35 6.373511409109064e-06 0.9999997356882979
7.36 6.27189295326579e-06 0.999999739482275
7.37 6.172064871482031e-06 0.9999997432158136
7.38 6.073992557658304e-06 0.9999997468899761
7.39 5.977642133565613e-06 0.999999750505808
7.4 5.8829804323169195e-06 0.9999997540643298
7.41 5.789974982240735e-06 0.999999757566547
7.42 5.698593991146542e-06 0.9999997610134429
7.43 5.608806330972623e-06 0.9999997644059833
7.4399999999999995 5.520581522805209e-06 0.9999997677451148
7.45 5.433889722260363e-06 0.9999997710317676
7.46 5.348701705218633e-06 0.9999997742668512
7.47 5.264988853903813e-06 0.9999997774512599
7.4799999999999995 5.182723143296533e-06 0.9999997805858708
7.49 5.1018771278746e-06 0.9999997836715435
7.5 5.0224239286711414e-06 0.9999997867091229
7.51 4.944337220643188e-06 0.9999997896994358
7.52 4.86759122034167e-06 0.9999997926432949
7.53 4.792160673876484e-06 0.9999997955414957
7.54 4.718020845167899e-06 0.9999997983948218
7.55 4.6451475044777776e-06 0.9999998012040401
7.56 4.573516917213364e-06 0.9999998039699041
7.57 4.503105832996231e-06 0.9999998066931509
7.58 4.4338914749908805e-06 0.9999998093745062
7.59 4.365851529484763e-06 0.9999998120146814
7.6 4.298964135714906e-06 0.9999998146143755
7.61 4.23320787593411e-06 0.9999998171742719
7.62 4.168561765710903e-06 0.9999998196950447
7.63 4.105005244457283e-06 0.9999998221773532
7.64 4.042518166178904e-06 0.9999998246218451
7.65 3.98108079044157e-06 0.9999998270291562
7.66 3.920673773549141e-06 0.9999998293999107
7.67 3.861278159927291e-06 0.9999998317347211
7.68 3.802875373708085e-06 0.9999998340341881
7.6899999999999995 3.7454472105104306e-06 0.9999998362989029
7.7 3.6889758294114328e-06 0.9999998385294454
7.71 3.6334437451040106e-06 0.9999998407263836
7.72 3.578833820236125e-06 0.9999998428902754
7.7299999999999995 3.525129257927064e-06 0.9999998450216706
7.74 3.472313594456601e-06 0.999999847121106
7.75 3.420370692122713e-06 0.9999998491891119
7.76 3.3692847322633804e-06 0.9999998512262059
7.77 3.319040208439072e-06 0.9999998532328982
7.78 3.2696219197713527e-06 0.9999998552096846
7.79 3.2210149644342465e-06 0.9999998571570654
7.8 3.1732047332942818e-06 0.9999998590755182
7.81 3.126176903695869e-06 0.9999998609655191
7.82 3.079917433388383e-06 0.9999998628275281
7.83 3.0344125545912096e-06 0.9999998646620052
7.84 2.9896487681940074e-06 0.9999998664693995
7.85 2.9456128380883227e-06 0.9999998682501517
7.86 2.902291785627774e-06 0.9999998700046945
7.87 2.859672884213262e-06 0.9999998717334527
7.88 2.8177436540009422e-06 0.999999873436844
7.89 2.7764918567290515e-06 0.9999998751152784
7.9 2.7359054906613935e-06 0.9999998767691594
7.91 2.695972785644557e-06 0.9999998783988832
7.92 2.6566821982760268e-06 0.9999998800048364
7.93 2.618022407180353e-06 0.9999998815874024
7.94 2.579982308391371e-06 0.9999998831469563
7.95 2.5425510108373814e-06 0.9999998846838677
7.96 2.505717831926963e-06 0.9999998861984968
7.97 2.469472293233264e-06 0.9999998876912004
7.9799999999999995 2.433804116274112e-06 0.999999889162328
7.99 2.3987032183859747e-06 0.9999998906122219
8.0 2.3641597086891923e-06 0.999999892041222
8.01 2.3301638841426493e-06 0.999999893449658
8.02 2.2967062256856016e-06 0.9999998948378558
8.03 2.2637773944646067e-06 0.9999998962061359
8.04 2.2313682281436537e-06 0.9999998975548126
8.05 2.1994697372954325e-06 0.9999998988841948
8.06 2.168073101871759e-06 0.9999999001945874
8.07 2.137169667751614e-06 0.9999999014862874
8.08 2.106750943364611e-06 0.999999902759589
8.09 2.07680859638837e-06 0.9999999040147816
8.1 2.0473344505179294e-06 0.999999905252147
8.11 2.0183204823056592e-06 0.9999999064719639
8.12 1.9897588180699093e-06 0.9999999076745069
8.13 1.9616417308707634e-06 0.9999999088600452
8.14 1.9339616375516405e-06 0.9999999100288416
8.15 1.9067110958446727e-06 0.9999999111811574
8.16 1.8798828015390356e-06 0.9999999123172488
8.17 1.8534695857101865e-06 0.9999999134373658
8.18 1.8274644120090105e-06 0.999999914541756
8.19 1.8018603740093007e-06 0.999999915630661
8.2 1.7766506926122622e-06 0.9999999167043214
8.209999999999999 1.7518287135068018e-06 0.9999999177629711
8.22 1.7273879046841474e-06 0.9999999188068395
8.23 1.7033218540058885e-06 0.999999919836155
8.24 1.6796242668236865e-06 0.9999999208511403
8.25 1.656288963650128e-06 0.9999999218520141
8.26 1.6333098778789509e-06 0.9999999228389919
8.27 1.610681053553942e-06 0.9999999238122868
8.28 1.5883966431850957e-06 0.9999999247721059
8.29 1.5664509056113238e-06 0.9999999257186547
8.3 1.544838203908152e-06 0.9999999266521348
8.31 1.523553003339983e-06 0.9999999275727444
8.32 1.502589869355325e-06 0.9999999284806781
8.33 1.4819434656245457e-06 0.9999999293761274
8.34 1.4616085521187824e-06 0.9999999302592816
8.35 1.4415799832292895e-06 0.9999999311303263
8.36 1.4218527059263304e-06 0.9999999319894416
8.37 1.4024217579566299e-06 0.9999999328368085
8.38 1.383282266078523e-06 0.9999999336726043
8.39 1.364429444334077e-06 0.9999999344970004
8.4 1.3458585923571949e-06 0.9999999353101529
8.41 1.3275650937170675e-06 0.9999999361122598
8.42 1.309544414296046e-06 0.9999999369034891
8.43 1.2917921007012363e-06 0.9999999376839681
8.44 1.274303778709051e-06 0.9999999384538742
8.45 1.257075151742018e-06 0.9999999392133645
8.459999999999999 1.2401019993770581e-06 0.9999999399625936
8.47 1.223380175884639e-06 0.9999999407017123
8.48 1.2069056087980097e-06 0.9999999414308719
8.49 1.1906742975119756e-06 0.9999999421502186
8.5 1.1746823119104063e-06 0.9999999428598971
8.51 1.1589257910220253e-06 0.9999999435600502
8.52 1.14340094170373e-06 0.9999999442508182
8.53 1.1281040373508442e-06 0.9999999449323386
8.54 1.1130314166338443e-06 0.9999999456047469
8.55 1.0981794822607661e-06 0.9999999462681775
8.56 1.0835446997649543e-06 0.9999999469227612
8.57 1.069123596317396e-06 0.9999999475686272
8.58 1.0549127595633087e-06 0.9999999482059023
8.59 1.0409088364822581e-06 0.9999999488347124
8.6 1.0271085322714492e-06 0.9999999494551811
8.61 1.0135086092516021e-06 0.999999950067428
8.62 1.0001058857949409e-06 0.9999999506715732
8.63 9.868972352748258e-07 0.9999999512677356
8.64 9.738795850365877e-07 0.9999999518560282
8.65 9.61049915389048e-07 0.9999999524365656
8.66 9.48405258616302e-07 0.9999999530094608
8.67 9.359426980093937e-07 0.9999999535748227
8.68 9.236593669173213e-07 0.99999995413276
8.69 9.11552447817126e-07 0.9999999546833794
8.7 8.996191714024756e-07 0.9999999552267866
8.71 8.878568156905138e-07 0.9999999557630841
8.72 8.76262705146462e-07 0.9999999562923734
8.73 8.648342098256787e-07 0.9999999568147558
8.74 8.535687445327201e-07 0.9999999573303299
8.75 8.424637679971789e-07 0.9999999578391914
8.76 8.315167820657237e-07 0.9999999583414365
8.77 8.20725330910276e-07 0.9999999588371598
8.78 8.10087000251717e-07 0.9999999593264536
8.79 7.995994165989681e-07 0.999999959809409
8.8 7.892602465030777e-07 0.9999999602861157
8.81 7.790671958259422e-07 0.9999999607566622
8.82 7.690180090234369e-07 0.9999999612211351
8.83 7.591104684425995e-07 0.9999999616796205
8.84 7.493423936325599e-07 0.9999999621322027
8.85 7.397116406690459e-07 0.9999999625789652
8.86 7.302161014919386e-07 0.9999999630199881
8.87 7.208537032559135e-07 0.9999999634553536
8.88 7.116224076936154e-07 0.9999999638851411
8.89 7.025202104912993e-07 0.9999999643094271
8.9 6.935451406765766e-07 0.9999999647282894
8.91 6.846952600180146e-07 0.9999999651418046
8.92 6.75968662436442e-07 0.9999999655500453
8.93 6.673634734275817e-07 0.9999999659530865
8.94 6.588778494958631e-07 0.9999999663509995
8.95 6.505099775991816e-07 0.9999999667438565
8.96 6.422580746043218e-07 0.9999999671317268
8.97 6.341203867528942e-07 0.9999999675146793
8.98 6.260951891375118e-07 0.9999999678927836
8.99 6.18180785188024e-07 0.9999999682661047
9.0 6.103755061676293e-07 0.9999999686347094
9.01 6.02677710678581e-07 0.9999999689986625
9.02 5.950857841773716e-07 0.9999999693580289
9.03 5.875981384991851e-07 0.9999999697128709
9.04 5.802132113913559e-07 0.9999999700632503
9.05 5.729294660557915e-07 0.9999999704092289
9.06 5.657453907000087e-07 0.9999999707508666
9.07 5.586594980967625e-07 0.9999999710882228
9.08 5.516703251519761e-07 0.999999971421356
9.09 5.4477643248088e-07 0.9999999717503476
9.1 5.379764039921386e-07 0.9999999720751838
9.11 5.312688464798517e-07 0.9999999723959904
9.12 5.246523892232442e-07 0.9999999727127992
9.13 5.181256835938759e-07 0.9999999730256657
9.14 5.11687402670263e-07 0.9999999733346412
9.15 5.053362408597098e-07 0.9999999736397797
9.16 4.990709135272644e-07 0.9999999739411332
9.17 4.92890156631584e-07 0.9999999742387522
9.18 4.867927263676439e-07 0.999999974532688
9.19 4.807773988161061e-07 0.9999999748229887
9.2 4.7484296959922446e-07 0.9999999751097047
9.21 4.6898825354315896e-07 0.9999999753928833
9.22 4.6321208434659267e-07 0.9999999756725725
9.23 4.5751331425547517e-07 0.999999975948819
9.24 4.5189081374381324e-07 0.9999999762216686
9.25 4.463434712003835e-07 0.9999999764911667
9.26 4.408701926212262e-07 0.9999999767573583
9.27 4.3546990130783743e-07 0.9999999770202876
9.28 4.301415375709236e-07 0.9999999772799985
9.29 4.2488405843959896e-07 0.9999999775365324
9.3 4.1969643737596666e-07 0.9999999777899331
9.31 4.145776639949359e-07 0.9999999780402414
9.32 4.0952674378914934e-07 0.9999999782874988
9.33 4.0454269785901125e-07 0.9999999785317447
9.34 3.996245626476047e-07 0.9999999787730204
9.35 3.947713896804844e-07 0.9999999790113638
9.36 3.899822453102254e-07 0.9999999792468145
9.37 3.8525621046559253e-07 0.9999999794794098
9.38 3.805923804053334e-07 0.9999999797091889
9.39 3.7598986447639547e-07 0.9999999799361871
9.4 3.714477858765734e-07 0.9999999801604413
9.41 3.6696528142143933e-07 0.9999999803819886
9.42 3.6254150131550406e-07 0.9999999806008637
9.43 3.5817560892752045e-07 0.9999999808171013
9.44 3.538667805698435e-07 0.9999999810307364
9.45 3.4961420528176755e-07 0.9999999812418027
9.46 3.45417084616774e-07 0.999999981450334
9.47 3.4127463243361253e-07 0.9999999816563628
9.48 3.3718607469112014e-07 0.9999999818599224
9.49 3.3315064924674405e-07 0.999999982061045
9.5 3.2916760565866396e-07 0.9999999822597607
9.51 3.2523620499145843e-07 0.9999999824561023
9.52 3.213557196252517e-07 0.9999999826501003
9.53 3.1752543306826e-07 0.9999999828417848
9.54 3.137446397726968e-07 0.9999999830311856
9.55 3.1001264495393276e-07 0.9999999832183322
9.56 3.0632876441289535e-07 0.999999983403254
9.57 3.02692324361616e-07 0.9999999835859796
9.58 2.9910266125186e-07 0.9999999837665371
9.59 2.955591216068236e-07 0.9999999839449545
9.6 2.920610618557727e-07 0.9999999841212593
9.61 2.8860784817163144e-07 0.9999999842954759
9.62 2.8519885631142947e-07 0.9999999844676352
9.63 2.818334714595563e-07 0.9999999846377634
9.64 2.7851108807378425e-07 0.9999999848058838
9.65 2.752311097339945e-07 0.999999984972023
9.66 2.7199294899356e-07 0.9999999851362078
9.67 2.687960272333338e-07 0.9999999852984617
9.68 2.656397745182013e-07 0.9999999854588089
9.69 2.6252362945613977e-07 0.9999999856172742
9.7 2.594470390597309e-07 0.9999999857738818
9.71 2.5640945861010327e-07 0.9999999859286548
9.72 2.5341035152324274e-07 0.9999999860816167
9.73 2.504491892186279e-07 0.9999999862327902
9.74 2.47525450990141e-07 0.9999999863821978
9.75 2.4463862387924284e-07 0.9999999865298679
9.76 2.417882025503261e-07 0.9999999866758108
9.77 2.389736891682283e-07 0.9999999868200546
9.78 2.361945932778811e-07 0.9999999869626202
9.79 2.3345043168602333e-07 0.9999999871035284
9.8 2.3074072834495447e-07 0.9999999872428005
9.81 2.2806501423830342e-07 0.9999999873804568
9.82 2.254228272687514e-07 0.9999999875165173
9.83 2.2281371214768696e-07 0.9999999876510027
9.84 2.2023722028676607e-07 0.9999999877839322
9.85 2.176929096913141e-07 0.9999999879153254
9.86 2.1518034485556847e-07 0.9999999880452007
9.87 2.126990966597071e-07 0.9999999881735802
9.88 2.1024874226863185e-07 0.9999999883004762
9.89 2.0782886503248712e-07 0.9999999884259124
9.9 2.0543905438886994e-07 0.9999999885499057
9.91 2.0307890576670022e-07 0.9999999886724741
9.92 2.007480204917329e-07 0.9999999887936349
9.93 1.9844600569366757e-07 0.9999999889134062
9.94 1.9617247421483836e-07 0.9999999890318042
9.95 1.9392704452044538e-07 0.9999999891488465
9.96 1.9170934061031008e-07 0.9999999892645497
9.97 1.8951899193211474e-07 0.9999999893789302
9.98 1.8735563329611408e-07 0.9999999894920046
9.99 1.8521890479127286e-07 0.9999999896037887
10.0 1.8310845170283217e-07 0.9999999897142986
10.01 1.8102392443124047e-07 0.9999999898235495
10.02 1.7896497841246025e-07 0.9999999899315578
10.03 1.7693127403961414e-07 0.9999999900383381
10.04 1.7492247658592722e-07 0.9999999901439051
10.05 1.729382561289706e-07 0.9999999902482745
10.06 1.7097828747617738e-07 0.9999999903514606
10.07 1.6904225009157662e-07 0.9999999904534772
10.08 1.6712982802377947e-07 0.9999999905543399
10.09 1.6524070983513972e-07 0.9999999906540616
10.1 1.6337458853210658e-07 0.9999999907526572
10.11 1.6153116149672875e-07 0.9999999908501389
10.12 1.5971013041929294e-07 0.9999999909465207
10.13 1.579112012320849e-07 0.9999999910418182
10.14 1.561340840442415e-07 0.9999999911360415
10.15 1.543784930776764e-07 0.9999999912292045
10.16 1.5264414660407436e-07 0.9999999913213213
10.17 1.5093076688291547e-07 0.9999999914124039
10.18 1.4923808010051941e-07 0.9999999915024643
10.19 1.475658163101004e-07 0.9999999915915148
10.2 1.459137093727984e-07 0.9999999916795682
10.21 1.4428149689968446e-07 0.9999999917666359
10.22 1.4266892019471238e-07 0.9999999918527301
10.23 1.4107572419860402e-07 0.9999999919378626
10.24 1.3950165743365662e-07 0.9999999920220448
10.25 1.3794647194944908e-07 0.9999999921052881
10.26 1.3640992326943202e-07 0.9999999921876037
10.27 1.3489177033838953e-07 0.9999999922690025
10.28 1.3339177547075472e-07 0.9999999923494963
10.29 1.3190970429977235e-07 0.9999999924290951
10.3 1.304453257274755e-07 0.9999999925078101
10.31 1.2899841187547857e-07 0.9999999925856516
10.32 1.2756873803657464e-07 0.9999999926626297
10.33 1.2615608262710258e-07 0.9999999927387557
10.34 1.2476022714009127e-07 0.9999999928140387
10.35 1.233809560991609e-07 0.9999999928884895
10.36 1.2201805701316665e-07 0.9999999929621165
10.37 1.2067132033156727e-07 0.9999999930349304
10.38 1.193405394005209e-07 0.9999999931069428
10.39 1.1802551041967924e-07 0.9999999931781597
10.4 1.1672603239967646e-07 0.9999999932485922
10.41 1.1544190712029837e-07 0.99999999331825
10.42 1.141729390893288e-07 0.999999993387142
10.43 1.1291893550204062e-07 0.9999999934552773
10.44 1.1167970620134648e-07 0.9999999935226643
10.45 1.104550636385776e-07 0.9999999935893116
10.46 1.0924482283488979e-07 0.9999999936552288
10.47 1.0804880134328751e-07 0.9999999937204238
10.48 1.0686681921123928e-07 0.9999999937849054
10.49 1.0569869894390582e-07 0.9999999938486814
10.5 1.04544265467934e-07 0.999999993911761
10.51 1.0340334609583343e-07 0.9999999939741522
10.52 1.0227577049091612e-07 0.9999999940358621
10.53 1.0116137063278436e-07 0.9999999940969
10.54 1.0005998078337349e-07 0.9999999941572727
10.55 9.897143745352325e-08 0.9999999942169884
10.56 9.789557937007342e-08 0.999999994276055
10.57 9.683224744348408e-08 0.9999999943344794
10.58 9.57812847359624e-08 0.9999999943922702
10.59 9.474253643008568e-08 0.9999999944494335
10.6 9.371584979792154e-08 0.9999999945059773
10.61 9.270107417063215e-08 0.999999994561908
10.62 9.169806090854446e-08 0.9999999946172333
10.63 9.07066633717036e-08 0.9999999946719614
10.64 8.972673689087263e-08 0.9999999947260968
10.65 8.875813873898952e-08 0.9999999947796475
10.66 8.780072810307093e-08 0.9999999948326211
10.67 8.685436605655018e-08 0.9999999948850233
10.68 8.591891553204152e-08 0.9999999949368612
10.69 8.499424129453784e-08 0.9999999949881406
10.7 8.408020991501081e-08 0.9999999950388683
10.71 8.317668974443054e-08 0.999999995089051
10.72 8.22835508881816e-08 0.9999999951386941
10.73 8.140066518087355e-08 0.9999999951878047
10.74 8.05279061615459e-08 0.9999999952363882
10.75 7.966514904924792e-08 0.9999999952844514
10.76 7.881227071900105e-08 0.9999999953319825
10.77 7.796914967812713e-08 0.9999999953787853
10.78 7.713566604294105e-08 0.9999999954255756
10.79 7.631170151580282e-08 0.9999999954716146
10.8 7.549713936252e-08 0.9999999955171626
10.81 7.469186439009404e-08 0.9999999955622241
10.82 7.389576292481282e-08 0.9999999956068049
10.83 7.310872279067199e-08 0.9999999956509111
10.84 7.233063328812951e-08 0.9999999956945477
10.85 7.156138517318271e-08 0.9999999957377204
10.86 7.080087063676348e-08 0.9999999957804332
10.87 7.004898328444797e-08 0.9999999958226924
10.88 6.930561811647266e-08 0.999999995864504
10.89 6.857067150805807e-08 0.9999999959058709
10.9 6.784404119002685e-08 0.9999999959467991
10.91 6.712562622971333e-08 0.999999995987295
10.92 6.641532701217201e-08 0.9999999960273613
10.93 6.571304522165639e-08 0.9999999960670045
10.94 6.501868382338812e-08 0.999999996106228
10.95 6.433214704559593e-08 0.9999999961450377
10.96 6.365334036182632e-08 0.9999999961834375
10.97 6.298217047352114e-08 0.9999999962214321
10.98 6.231854529285628e-08 0.9999999962590262
10.99 6.166237392583608e-08 0.9999999962962244
11.0 6.10135666556463e-08 0.9999999963330315
11.01 6.037203492625177e-08 0.999999996369451
11.02 5.973769132624155e-08 0.9999999964054876
11.03 5.9110449572914833e-08 0.9999999964411459
11.04 5.84902244966074e-08 0.9999999964764298
11.05 5.787693202524572e-08 0.999999996511344
11.06 5.727048916913744e-08 0.9999999965458919
11.07 5.667081400598534e-08 0.9999999965800779
11.08 5.607782566612481e-08 0.9999999966139063
11.09 5.549144431797869e-08 0.9999999966473806
11.1 5.491159115373312e-08 0.9999999966805053
11.11 5.433818837521739e-08 0.9999999967132837
11.12 5.377115918000206e-08 0.9999999967457197
11.13 5.321042774769636e-08 0.9999999967778181
11.14 5.265591922644927e-08 0.9999999968095811
11.15 5.2107559719651786e-08 0.999999996841013
11.16 5.156527627283365e-08 0.9999999968721186
11.17 5.1028996860753463e-08 0.9999999969029002
11.18 5.049865037467756e-08 0.9999999969333622
11.19 4.997416660984778e-08 0.9999999969635072
11.2 4.945547625313437e-08 0.9999999969933392
11.21 4.894251087086323e-08 0.9999999970228619
11.22 4.843520289683096e-08 0.9999999970520784
11.23 4.7933485620487675e-08 0.9999999970809921
11.24 4.743729317529623e-08 0.9999999971096062
11.25 4.6946560527261415e-08 0.9999999971379245
11.26 4.6461223463623963e-08 0.99999999716595
11.27 4.5981218581723603e-08 0.9999999971936856
11.28 4.550648327801968e-08 0.9999999972211348
11.29 4.5036955737274356e-08 0.9999999972483005
11.3 4.457257492189163e-08 0.9999999972751864
11.31 4.41132805614123e-08 0.9999999973017952
11.32 4.365901314216066e-08 0.9999999973281295
11.33 4.320971389703911e-08 0.9999999973541934
11.34 4.276532479547439e-08 0.9999999973799888
11.35 4.2325788533506637e-08 0.999999997405519
11.36 4.189104852401991e-08 0.9999999974307863
11.37 4.146104888711868e-08 0.9999999974557944
11.38 4.103573444063715e-08 0.9999999974805469
11.39 4.0615050690789554e-08 0.9999999975050443
11.4 4.0198943822952575e-08 0.9999999975292907
11.41 3.978736069258117e-08 0.9999999975532896
11.42 3.9380248816253595e-08 0.9999999975770424
11.43 3.8977556362846545e-08 0.9999999976005526
11.44 3.8579232144835545e-08 0.999999997623822
11.45 3.81852256097194e-08 0.999999997646854
11.46 3.779548683156817e-08 0.9999999976696506
11.47 3.740996650269098e-08 0.9999999976922148
11.48 3.7028615925423365e-08 0.9999999977145488
11.49 3.6651387004031516e-08 0.9999999977366552
11.5 3.6278232236730274e-08 0.9999999977585361
11.51 3.590910470781825e-08 0.9999999977801949
11.52 3.554395807991918e-08 0.9999999978016331
11.53 3.5182746586339205e-08 0.9999999978228532
11.54 3.4825425023527315e-08 0.9999999978438577
11.55 3.4471948743647536e-08 0.9999999978646495
11.56 3.412227364725082e-08 0.9999999978852301
11.57 3.377635617605591e-08 0.9999999979056017
11.58 3.343415330582719e-08 0.9999999979257673
11.59 3.3095622539356924e-08 0.9999999979457282
11.6 3.276072189954383e-08 0.9999999979654879
11.61 3.242940992257061e-08 0.9999999979850466
11.62 3.210164565117595e-08 0.9999999980044076
11.63 3.1777388628022565e-08 0.9999999980235743
11.64 3.145659888915761e-08 0.9999999980425461
11.65 3.113923695756399e-08 0.9999999980613264
11.66 3.0825263836803556e-08 0.9999999980799179
11.67 3.051464100474793e-08 0.9999999980983222
11.68 3.020733040739812e-08 0.9999999981165411
11.69 2.99032944527885e-08 0.999999998134576
11.7 2.9602496004978868e-08 0.9999999981524296
11.71 2.9304898378126606e-08 0.9999999981701039
11.72 2.9010465330644842e-08 0.9999999981876004
11.73 2.871916105943922e-08 0.9999999982049209
11.74 2.843095019422631e-08 0.9999999982220678
11.75 2.814579779193009e-08 0.9999999982390427
11.76 2.7863669331156214e-08 0.9999999982558476
11.77 2.7584530706743838e-08 0.9999999982724838
11.78 2.7308348224391194e-08 0.9999999982889531
11.79 2.7035088595356392e-08 0.9999999983052661
11.8 2.6764718931232364e-08 0.9999999983214081
11.81 2.6497206738791274e-08 0.9999999983373875
11.82 2.623251991490307e-08 0.9999999983532084
11.83 2.59706267415219e-08 0.9999999983688637
11.84 2.5711495880741937e-08 0.9999999983843697
11.85 2.54550963699229e-08 0.999999998399722
11.86 2.520139761687882e-08 0.9999999984149202
11.87 2.495036939513689e-08 0.9999999984299669
11.88 2.4701981839258795e-08 0.999999998444865
11.89 2.4456205440226835e-08 0.9999999984596137
11.9 2.4213011040892888e-08 0.9999999984742154
11.91 2.397236983149059e-08 0.9999999984886729
11.92 2.3734253345206723e-08 0.9999999985029866
11.93 2.3498633453815695e-08 0.9999999985171583
11.94 2.32654823633709e-08 0.999999998531189
11.95 2.30347726099572e-08 0.9999999985450804
11.96 2.280647705549905e-08 0.9999999985588348
11.97 2.2580568883626365e-08 0.9999999985724519
11.98 2.2357021595597702e-08 0.9999999985859348
11.99 2.2135809006276368e-08 0.9999999985992838
12.0 2.1916905240163503e-08 0.999999998612501
12.01 2.170028472748294e-08 0.999999998625588
12.02 2.1485922200320085e-08 0.9999999986385449
12.03 2.1273792688812654e-08 0.9999999986513746
12.040000000000001 2.1063871517393034e-08 0.9999999986640771
12.05 2.085613430108106e-08 0.9999999986766543
12.06 2.0650556941826874e-08 0.9999999986891079
12.07 2.04471156249026e-08 0.9999999987014383
12.08 2.024578681534354e-08 0.9999999987136478
12.09 2.004654725443624e-08 0.9999999987257366
12.1 1.9849373956254194e-08 0.999999998737707
12.11 1.9654244204239724e-08 0.9999999987495589
12.12 1.9461135547831752e-08 0.9999999987612946
12.13 1.9270025799139032e-08 0.9999999987729159
12.14 1.9080893029657015e-08 0.9999999987844221
12.15 1.8893715567030317e-08 0.9999999987958154
12.16 1.8708471991855824e-08 0.9999999988070977
12.17 1.8525141134530548e-08 0.9999999988182687
12.18 1.8343702072141584e-08 0.9999999988293308
12.19 1.8164134125394853e-08 0.9999999988402842
12.2 1.7986416855588202e-08 0.9999999988511308
12.21 1.7810530061622387e-08 0.9999999988618712
12.22 1.7636453777052096e-08 0.9999999988725062
12.23 1.7464168267177082e-08 0.9999999988830374
12.24 1.7293654026170706e-08 0.9999999988934658
12.25 1.7124891774246666e-08 0.9999999989037924
12.26 1.69578624548644e-08 0.9999999989140186
12.27 1.6792547231969612e-08 0.9999999989241446
12.28 1.6628927487272312e-08 0.9999999989341721
12.290000000000001 1.646698481756078e-08 0.9999999989441022
12.3 1.6306701032050846e-08 0.9999999989539351
12.31 1.6148058149769354e-08 0.9999999989636726
12.32 1.5991038396973055e-08 0.9999999989733152
12.33 1.5835624204601172e-08 0.9999999989828647
12.34 1.5681798205760737e-08 0.9999999989923208
12.35 1.5529543233245634e-08 0.9999999990016856
12.36 1.537884231708842e-08 0.999999999010959
12.37 1.5229678682142878e-08 0.9999999990201421
12.38 1.5082035745699775e-08 0.9999999990292369
12.39 1.4935897115132896e-08 0.9999999990382432
12.4 1.4791246585575604e-08 0.9999999990471622
12.41 1.4648068137628901e-08 0.9999999990559951
12.42 1.4506345935097988e-08 0.999999999064742
12.43 1.4366064322758768e-08 0.9999999990734054
12.44 1.422720782415433e-08 0.9999999990819842
12.45 1.4089761139418704e-08 0.99999999909048
12.46 1.3953709143129429e-08 0.9999999990988941
12.47 1.3819036882188546e-08 0.9999999991072268
12.48 1.3685729573730233e-08 0.9999999991154791
12.49 1.3553772603056117e-08 0.9999999991236515
12.5 1.3423151521596788e-08 0.9999999991317458
12.51 1.3293852044900279e-08 0.9999999991397618
12.52 1.3165860050646272e-08 0.9999999991477005
12.53 1.3039161576685756e-08 0.9999999991555629
12.540000000000001 1.2913742819106275e-08 0.9999999991633498
12.55 1.2789590130321712e-08 0.9999999991710616
12.56 1.2666690017187499e-08 0.9999999991786991
12.57 1.2545029139139024e-08 0.9999999991862633
12.58 1.2424594306354605e-08 0.9999999991937553
12.59 1.230537247794186e-08 0.9999999992011751
12.6 1.2187350760147616e-08 0.9999999992085237
12.61 1.2070516404590504e-08 0.9999999992158018
12.62 1.1954856806516118e-08 0.99999999922301
12.63 1.1840359503074424e-08 0.9999999992301497
12.64 1.1727012171620357e-08 0.9999999992372207
12.65 1.1614802628033922e-08 0.9999999992442239
12.66 1.150371882506398e-08 0.9999999992511602
12.67 1.1393748850691552e-08 0.9999999992580304
12.68 1.1284880926515415e-08 0.999999999264835
12.69 1.1177103406156376e-08 0.999999999271574
12.7 1.1070404773683925e-08 0.9999999992782491
12.71 1.0964773642061456e-08 0.9999999992848603
12.72 1.0860198751611385e-08 0.9999999992914086
12.73 1.0756668968500784e-08 0.9999999992978944
12.74 1.0654173283244742e-08 0.9999999993043182
12.75 1.0552700809229872e-08 0.999999999310681
12.76 1.0452240781255808e-08 0.9999999993169837
12.77 1.0352782554095475e-08 0.9999999993232258
12.78 1.0254315601073522e-08 0.9999999993294086
12.790000000000001 1.0156829512662396e-08 0.9999999993355323
12.8 1.0060313995096852e-08 0.9999999993415979
12.81 9.964758869004895e-09 0.9999999993476064
12.82 9.870154068056839e-09 0.9999999993535573
12.83 9.776489637631073e-09 0.9999999993594517
12.84 9.683755733496319e-09 0.9999999993652905
12.85 9.591942620510975e-09 0.9999999993710741
12.86 9.501040671338418e-09 0.9999999993768027
12.87 9.411040365178441e-09 0.9999999993824767
12.88 9.321932286514546e-09 0.9999999993880974
12.89 9.233707123877438e-09 0.9999999993936644
12.9 9.1463556686232e-09 0.9999999993991792
12.91 9.059868813727015e-09 0.9999999994046418
12.92 8.974237552592556e-09 0.9999999994100526
12.93 8.889452977875314e-09 0.9999999994154121
12.94 8.805506280321202e-09 0.9999999994207215
12.95 8.722388747619306e-09 0.9999999994259807
12.96 8.640091763269216e-09 0.9999999994311897
12.97 8.558606805462141e-09 0.9999999994363497
12.98 8.477925445976147e-09 0.9999999994414611
12.99 8.398039349085034e-09 0.9999999994465245
13.0 8.318940270480803e-09 0.9999999994515402
13.01 8.240620056209163e-09 0.9999999994565087
13.02 8.16307064161892e-09 0.9999999994614306
13.03 8.086284050323605e-09 0.999999999466306
13.040000000000001 8.010252393176408e-09 0.9999999994711358
13.05 7.934967867257663e-09 0.9999999994759198
13.06 7.860422754874857e-09 0.9999999994806591
13.07 7.78660942257476e-09 0.9999999994853537
13.08 7.713520320168076e-09 0.9999999994900044
13.09 7.641147979765994e-09 0.9999999994946116
13.1 7.56948501482846e-09 0.9999999994991743
13.11 7.498524119224033e-09 0.9999999995036951
13.12 7.428258066302012e-09 0.9999999995081735
13.13 7.358679707974899e-09 0.99999999951261
13.14 7.289781973813095e-09 0.9999999995170052
13.15 7.221557870149932e-09 0.9999999995213592
13.16 7.1540004791981654e-09 0.9999999995256722
13.17 7.0871029581771425e-09 0.999999999529945
13.18 7.020858538450487e-09 0.9999999995341781
13.19 6.955260524674455e-09 0.999999999538371
13.2 6.890302293956837e-09 0.9999999995425252
13.21 6.825977295025726e-09 0.9999999995466405
13.22 6.762279047408912e-09 0.9999999995507176
13.23 6.699201140622782e-09 0.9999999995547562
13.24 6.63673723337142e-09 0.9999999995587577
13.25 6.574881052755386e-09 0.9999999995627216
13.26 6.513626393489988e-09 0.9999999995666486
13.27 6.4529671171331706e-09 0.9999999995705389
13.28 6.392897151322846e-09 0.9999999995743933
13.290000000000001 6.33341048902314e-09 0.9999999995782113
13.3 6.274501187780075e-09 0.9999999995819941
13.31 6.216163368986289e-09 0.9999999995857416
13.32 6.158391217154302e-09 0.9999999995894546
13.33 6.101178979199051e-09 0.9999999995931328
13.34 6.044520963728685e-09 0.999999999596777
13.35 5.988411540343984e-09 0.9999999996003875
13.36 5.932845138946459e-09 0.9999999996039642
13.37 5.877816249054636e-09 0.9999999996075074
13.38 5.823319419128397e-09 0.9999999996110182
13.39 5.769349255901878e-09 0.9999999996144961
13.4 5.715900423723856e-09 0.9999999996179421
13.41 5.662967643906557e-09 0.9999999996213563
13.42 5.610545694081937e-09 0.9999999996247387
13.43 5.558629407565802e-09 0.9999999996280898
13.44 5.507213672729556e-09 0.9999999996314096
13.45 5.456293432379511e-09 0.9999999996346989
13.46 5.405863683143506e-09 0.999999999637958
13.47 5.355919474864961e-09 0.999999999641187
13.48 5.306455910004216e-09 0.9999999996443857
13.49 5.2574681430466435e-09 0.9999999996475551
13.5 5.20895137991857e-09 0.9999999996506956
13.51 5.160900877409305e-09 0.9999999996538071
13.52 5.1133119426006934e-09 0.9999999996568893
13.53 5.066179932303059e-09 0.9999999996599434
13.540000000000001 5.0195002524981235e-09 0.9999999996629695
13.55 4.973268357788414e-09 0.9999999996659675
13.56 4.927479750853241e-09 0.9999999996689377
13.57 4.882129981911092e-09 0.999999999671881
13.58 4.837214648188462e-09 0.9999999996747987
13.59 4.7927293933948165e-09 0.9999999996776878
13.6 4.748669907204202e-09 0.9999999996805505
13.61 4.7050319247423874e-09 0.9999999996833869
13.62 4.661811226080467e-09 0.9999999996861975
13.63 4.619003635734426e-09 0.9999999996889819
13.64 4.576605022170472e-09 0.9999999996917414
13.65 4.534611297316206e-09 0.9999999996944744
13.66 4.493018416077747e-09 0.999999999697183
13.67 4.451822375862294e-09 0.999999999699867
13.68 4.411019216106519e-09 0.999999999702526
13.69 4.3706050178103175e-09 0.9999999997051605
13.7 4.330575903076192e-09 0.9999999997077714
13.71 4.2909280346539984e-09 0.9999999997103582
13.72 4.2516576154910165e-09 0.9999999997129212
13.73 4.21276088828726e-09 0.9999999997154608
13.74 4.174234135056062e-09 0.9999999997179774
13.75 4.136073676689836e-09 0.9999999997204706
13.76 4.0982758725307695e-09 0.9999999997229414
13.77 4.060837119946712e-09 0.9999999997253892
13.78 4.023753853912031e-09 0.9999999997278148
13.790000000000001 3.987022546592999e-09 0.9999999997302186
13.8 3.950639706938488e-09 0.9999999997326001
13.81 3.9146018802753525e-09 0.9999999997349599
13.82 3.878905647908056e-09 0.9999999997372984
13.83 3.843547626723675e-09 0.9999999997396153
13.84 3.808524468800983e-09 0.9999999997419113
13.85 3.773832861024176e-09 0.999999999744186
13.86 3.739469524701295e-09 0.9999999997464403
13.87 3.7054312151867665e-09 0.9999999997486738
13.88 3.671714721508681e-09 0.9999999997508872
13.89 3.6383168659999955e-09 0.9999999997530804
13.9 3.605234503934326e-09 0.9999999997552541
13.91 3.572464523165824e-09 0.9999999997574073
13.92 3.5400038437731793e-09 0.9999999997595413
13.93 3.5078494177078692e-09 0.9999999997616557
13.94 3.475998228446338e-09 0.9999999997637513
13.95 3.4444472906463314e-09 0.9999999997658275
13.96 3.4131936498068647e-09 0.9999999997678848
13.97 3.382234381932763e-09 0.9999999997699239
13.98 3.3515665932023236e-09 0.9999999997719441
13.99 3.3211874196392556e-09 0.9999999997739466
14.0 3.2910940267882546e-09 0.9999999997759303
14.01 3.26128360939445e-09 0.9999999997778963
14.02 3.231753391086193e-09 0.9999999997798442
14.03 3.202500624061899e-09 0.9999999997817753
14.040000000000001 3.1735225887802215e-09 0.999999999783688
14.05 3.144816593653839e-09 0.9999999997855837
14.06 3.1163799747467644e-09 0.9999999997874623
14.07 3.0882100954750946e-09 0.9999999997893241
14.08 3.0603043463113184e-09 0.9999999997911684
14.09 3.0326601444916395e-09 0.9999999997929969
14.1 3.0052749337271387e-09 0.9999999997948081
14.11 2.9781461839179067e-09 0.9999999997966036
14.12 2.9512713908704766e-09 0.9999999997983824
14.13 2.924648076018495e-09 0.9999999998001453
14.14 2.898273786146729e-09 0.9999999998018924
14.15 2.872146093117967e-09 0.9999999998036241
14.16 2.846262593603196e-09 0.9999999998053394
14.17 2.820620908814746e-09 0.9999999998070398
14.18 2.7952186842425995e-09 0.9999999998087243
14.19 2.7700535893935306e-09 0.9999999998103943
14.2 2.7451233175333268e-09 0.9999999998120488
14.21 2.720425585431905e-09 0.9999999998136887
14.22 2.695958133111265e-09 0.9999999998153141
14.23 2.6717187235963448e-09 0.9999999998169242
14.24 2.647705142668658e-09 0.9999999998185208
14.25 2.6239151986228463e-09 0.9999999998201022
14.26 2.6003467220257636e-09 0.9999999998216698
14.27 2.576997565478421e-09 0.9999999998232233
14.28 2.5538656033806973e-09 0.9999999998247625
14.290000000000001 2.5309487316984236e-09 0.9999999998262881
14.3 2.5082448677334163e-09 0.9999999998278004
14.31 2.4857519498959124e-09 0.9999999998292983
14.32 2.4634679374795988e-09 0.9999999998307838
14.33 2.4413908104391296e-09 0.9999999998322548
14.34 2.419518569170321e-09 0.9999999998337139
14.35 2.3978492342925442e-09 0.9999999998351584
14.36 2.3763808464338807e-09 0.9999999998365913
14.37 2.3551114660183093e-09 0.9999999998380111
14.38 2.3340391730556314e-09 0.9999999998394172
14.39 2.313162066933585e-09 0.9999999998408121
14.4 2.2924782662122154e-09 0.9999999998421945
14.41 2.2719859084207806e-09 0.9999999998435631
14.42 2.2516831498566248e-09 0.9999999998449249
14.43 2.231568165386583e-09 0.99999999984627
14.44 2.211639148250401e-09 0.9999999998476032
14.45 2.191894309866428e-09 0.9999999998489242
14.46 2.1723318796395153e-09 0.9999999998502338
14.47 2.152950104771044e-09 0.9999999998515307
14.48 2.1337472500709125e-09 0.9999999998528172
14.49 2.114721597771859e-09 0.9999999998540918
14.5 2.0958714473456814e-09 0.999999999855355
14.51 2.0771951153215905e-09 0.999999999856607
14.52 2.05869093510649e-09 0.999999999857843
14.53 2.040357256807353e-09 0.9999999998590734
14.540000000000001 2.0221924470554934e-09 0.999999999860292
14.55 2.004194888832868e-09 0.9999999998615003
14.56 1.9863629813001495e-09 0.9999999998626976
14.57 1.96869513962689e-09 0.9999999998638844
14.58 1.951189794823448e-09 0.9999999998650599
14.59 1.9338453935748002e-09 0.9999999998662259
14.6 1.9166603980762124e-09 0.9999999998673811
14.61 1.899633285870667e-09 0.999999999868526
14.62 1.8827625496881937e-09 0.9999999998696607
14.63 1.8660466972868372e-09 0.9999999998707857
14.64 1.849484251295486e-09 0.9999999998719002
14.65 1.8330737490584043e-09 0.9999999998730055
14.66 1.8168137424813768e-09 0.9999999998741004
14.67 1.8007027978797527e-09 0.9999999998751862
14.68 1.7847394958279672e-09 0.9999999998762614
14.69 1.7689224310108515e-09 0.9999999998773276
14.7 1.7532502120764353e-09 0.9999999998783848
14.71 1.7377214614904959e-09 0.999999999879432
14.72 1.7223348153927015e-09 0.9999999998804703
14.73 1.7070889234541564e-09 0.9999999998814995
14.74 1.6919824487367738e-09 0.9999999998825192
14.75 1.6770140675539375e-09 0.9999999998835297
14.76 1.662182469332919e-09 0.9999999998845317
14.77 1.6474863564785304e-09 0.9999999998855256
14.78 1.6329244442385385e-09 0.99999999988651
14.790000000000001 1.6184954605704262e-09 0.9999999998874853
14.8 1.6041981460095049e-09 0.9999999998884525
14.81 1.5900312535386978e-09 0.9999999998894107
14.82 1.5759935484595347e-09 0.9999999998903608
14.83 1.5620838082646657e-09 0.9999999998913018
14.84 1.5483008225117164e-09 0.9999999998922356
14.85 1.5346433926985694e-09 0.99999999989316
14.86 1.521110332139923e-09 0.9999999998940772
14.87 1.5077004658452446e-09 0.999999999894986
14.88 1.494412630398067e-09 0.9999999998958863
14.89 1.4812456738365263e-09 0.9999999998967793
14.9 1.4681984555352491e-09 0.9999999998976646
14.91 1.455269846088541e-09 0.9999999998985413
14.92 1.4424587271947594e-09 0.9999999998994111
14.93 1.4297639915420223e-09 0.9999999999002724
14.94 1.4171845426951184e-09 0.9999999999011269
14.95 1.4047192949836085e-09 0.9999999999019732
14.96 1.3923671733912133e-09 0.9999999999028123
14.97 1.380127113446331e-09 0.9999999999036444
14.98 1.367998061113778e-09 0.9999999999044688
14.99 1.355978972687627e-09 0.9999999999052863
15.0 1.3440688146853298e-09 0.9999999999060964
15.01 1.3322665637428473e-09 0.9999999999068996
15.02 1.320571206511003e-09 0.9999999999076956
15.03 1.3089817395528986e-09 0.9999999999084844
15.040000000000001 1.2974971692424276e-09 0.9999999999092666
15.05 1.2861165116639874e-09 0.9999999999100417
15.06 1.274838792513063e-09 0.9999999999108099
15.07 1.2636630469981286e-09 0.999999999911572
15.08 1.2525883197433832e-09 0.9999999999123265
15.09 1.241613664692669e-09 0.999999999913075
15.1 1.2307381450143532e-09 0.9999999999138163
15.11 1.2199608330072622e-09 0.9999999999145519
15.12 1.2092808100075998e-09 0.999999999915281
15.13 1.1986971662968896e-09 0.9999999999160031
15.14 1.188209001010853e-09 0.9999999999167196
15.15 1.1778154220493472e-09 0.9999999999174296
15.16 1.1675155459871305e-09 0.9999999999181328
15.17 1.1573084979857577e-09 0.9999999999188308
15.18 1.147193411706252e-09 0.9999999999195216
15.19 1.1371694292227944e-09 0.9999999999202072
15.2 1.1272357009373238e-09 0.9999999999208866
15.21 1.117391385495035e-09 0.9999999999215599
15.22 1.1076356497007905e-09 0.9999999999222273
15.23 1.0979676684363803e-09 0.9999999999228892
15.24 1.0883866245787402e-09 0.9999999999235455
15.25 1.0788917089189475e-09 0.999999999924196
15.26 1.0694821200821484e-09 0.9999999999248403
15.27 1.0601570644483159e-09 0.9999999999254797
15.28 1.0509157560738226e-09 0.9999999999261129
15.290000000000001 1.0417574166138785e-09 0.9999999999267405
15.3 1.0326812752457566e-09 0.9999999999273632
15.31 1.0236865685929125e-09 0.9999999999279802
15.32 1.0147725406497567e-09 0.9999999999285921
15.33 1.0059384427074248e-09 0.9999999999291977
15.34 9.971835332801058e-10 0.9999999999297994
15.35 9.885070780323697e-10 0.9999999999303946
15.36 9.799083497070886e-10 0.9999999999309851
15.37 9.713866280542284e-10 0.9999999999315707
15.38 9.629411997603362e-10 0.9999999999321508
15.39 9.545713583788035e-10 0.9999999999327264
15.4 9.462764042608337e-10 0.9999999999332969
15.41 9.380556444871533e-10 0.9999999999338617
15.42 9.299083928004666e-10 0.9999999999344228
15.43 9.218339695385749e-10 0.9999999999349775
15.44 9.138317015682162e-10 0.9999999999355288
15.45 9.059009222196208e-10 0.9999999999360746
15.46 8.98040971221734e-10 0.9999999999366154
15.47 8.902511946381304e-10 0.9999999999371524
15.48 8.825309448035782e-10 0.9999999999376841
15.49 8.748795802612987e-10 0.9999999999382118
15.5 8.672964657008699e-10 0.9999999999387345
15.51 8.597809718967785e-10 0.9999999999392527
15.52 8.5233247564761e-10 0.9999999999397667
15.53 8.449503597159029e-10 0.9999999999402757
15.540000000000001 8.376340127685985e-10 0.9999999999407805
15.55 8.303828293181278e-10 0.9999999999412776
15.56 8.231962096641144e-10 0.9999999999417735
15.57 8.160735598357037e-10 0.999999999942266
15.58 8.090142915344463e-10 0.9999999999427535
15.59 8.020178220778237e-10 0.9999999999432376
15.6 7.950835743433515e-10 0.9999999999437167
15.61 7.882109767132485e-10 0.9999999999441925
15.620000000000001 7.813994630196961e-10 0.9999999999446654
15.63 7.746484724906856e-10 0.9999999999451314
15.64 7.679574496963692e-10 0.9999999999455949
15.65 7.613258444960461e-10 0.9999999999460536
15.66 7.547531119856389e-10 0.9999999999465079
15.67 7.482387124457625e-10 0.9999999999469593
15.68 7.417821112902751e-10 0.9999999999474058
15.69 7.353827790154232e-10 0.9999999999478494
15.7 7.290401911494801e-10 0.9999999999482887
15.71 7.227538282029246e-10 0.999999999948724
15.72 7.165231756190988e-10 0.9999999999491563
15.73 7.103477237254218e-10 0.9999999999495842
15.74 7.042269676850968e-10 0.9999999999500091
15.75 6.981604074493047e-10 0.9999999999504298
15.76 6.921475477098854e-10 0.999999999950847
15.77 6.86187897852546e-10 0.9999999999512605
15.78 6.802809719105006e-10 0.9999999999516703
15.790000000000001 6.744262885186409e-10 0.9999999999520769
15.8 6.686233708681376e-10 0.99999999995248
15.81 6.628717466615408e-10 0.9999999999528792
15.82 6.571709480683117e-10 0.999999999953276
15.83 6.515205116808478e-10 0.9999999999536678
15.84 6.459199784709452e-10 0.9999999999540575
15.85 6.403688937466619e-10 0.9999999999544426
15.86 6.348668071097562e-10 0.9999999999548259
15.870000000000001 6.294132724133911e-10 0.9999999999552054
15.88 6.240078477204081e-10 0.9999999999555808
15.89 6.186500952619763e-10 0.9999999999559546
15.9 6.133395813966499e-10 0.9999999999563239
15.91 6.08075876569873e-10 0.9999999999566896
15.92 6.028585552739138e-10 0.9999999999570535
15.93 5.976871960081579e-10 0.9999999999574134
15.94 5.92561381239868e-10 0.9999999999577709
15.95 5.874806973652922e-10 0.9999999999581246
15.96 5.824447346712051e-10 0.9999999999584752
15.97 5.774530872968354e-10 0.9999999999588236
15.98 5.725053531961752e-10 0.9999999999591686
15.99 5.67601134100682e-10 0.9999999999595109
16.0 5.627400354823405e-10 0.9999999999598501
16.01 5.57921666517156e-10 0.9999999999601861
16.020000000000003 5.531456400489525e-10 0.9999999999605191
16.03 5.484115725535757e-10 0.9999999999608506
16.040000000000003 5.437190841034681e-10 0.9999999999611774
16.05 5.39067798332581e-10 0.9999999999615029
16.060000000000002 5.344573424016648e-10 0.9999999999618253
16.07 5.298873469639138e-10 0.9999999999621446
16.080000000000002 5.253574461309091e-10 0.9999999999624608
16.090000000000003 5.208672774390052e-10 0.9999999999627748
16.1 5.164164818159713e-10 0.9999999999630861
16.110000000000003 5.120047035479999e-10 0.9999999999633944
16.12 5.07631590247059e-10 0.9999999999637009
16.130000000000003 5.032967928185875e-10 0.9999999999640041
16.14 4.989999654294706e-10 0.9999999999643047
16.150000000000002 4.947407654763917e-10 0.9999999999646033
16.16 4.905188535544751e-10 0.999999999964898
16.17 4.863338934262523e-10 0.9999999999651915
16.180000000000003 4.821855519909579e-10 0.9999999999654823
16.19 4.780734992541102e-10 0.9999999999657699
16.200000000000003 4.739974082974074e-10 0.9999999999660558
16.21 4.699569552489563e-10 0.9999999999663389
16.220000000000002 4.659518192537512e-10 0.9999999999666195
16.23 4.6198168244450284e-10 0.9999999999668987
16.240000000000002 4.5804622991271957e-10 0.9999999999671741
16.250000000000004 4.5414514968011435e-10 0.9999999999674477
16.26 4.502781326702614e-10 0.9999999999677199
16.270000000000003 4.464448726805839e-10 0.9999999999679879
16.28 4.426450663545945e-10 0.9999999999682551
16.290000000000003 4.3887841315441086e-10 0.9999999999685198
16.3 4.351446153335743e-10 0.9999999999687816
16.310000000000002 4.3144337791012495e-10 0.9999999999690417
16.32 4.2777440863993533e-10 0.9999999999692999
16.330000000000002 4.2413741799034074e-10 0.999999999969555
16.340000000000003 4.2053211911402533e-10 0.9999999999698087
16.35 4.1695822782313727e-10 0.9999999999700603
16.360000000000003 4.1341546256373014e-10 0.9999999999703089
16.37 4.0990354439038306e-10 0.9999999999705567
16.380000000000003 4.0642219694114633e-10 0.9999999999708014
16.39 4.029711464126925e-10 0.9999999999710439
16.400000000000002 3.9955012153572693e-10 0.9999999999712849
16.41 3.9615885355065603e-10 0.9999999999715232
16.42 3.9279707618348657e-10 0.9999999999717603
16.430000000000003 3.8946452562197237e-10 0.9999999999719952
16.44 3.861609404920026e-10 0.9999999999722271
16.450000000000003 3.828860618342078e-10 0.9999999999724583
16.46 3.796396330808254e-10 0.9999999999726867
16.470000000000002 3.7642140003278087e-10 0.9999999999729137
16.48 3.7323111083699583e-10 0.9999999999731389
16.490000000000002 3.7006851596393755e-10 0.9999999999733615
16.500000000000004 3.6693336818537327e-10 0.9999999999735828
16.51 3.638254225523606e-10 0.9999999999738026
16.520000000000003 3.607444363734457e-10 0.9999999999740192
16.53 3.576901691930952e-10 0.9999999999742349
16.540000000000003 3.546623827703182e-10 0.9999999999744494
16.55 3.516608410575317e-10 0.9999999999746605
16.560000000000002 3.4868531017960863e-10 0.9999999999748711
16.57 3.457355584131457e-10 0.9999999999750794
16.580000000000002 3.42811356165943e-10 0.9999999999752855
16.590000000000003 3.399124759566743e-10 0.9999999999754906
16.6 3.370386923947754e-10 0.999999999975694
16.610000000000003 3.3418978216051026e-10 0.9999999999758948
16.62 3.3136552398525694e-10 0.9999999999760952
16.630000000000003 3.2856569863197697e-10 0.9999999999762931
16.64 3.257900888758874e-10 0.9999999999764893
16.650000000000002 3.2303847948529354e-10 0.9999999999766843
16.66 3.203106572026723e-10 0.9999999999768768
16.67 3.176064107258719e-10 0.9999999999770687
16.680000000000003 3.1492553068955653e-10 0.9999999999772582
16.69 3.1226780964679565e-10 0.999999999977446
16.700000000000003 3.09633042050848e-10 0.9999999999776328
16.71 3.0702102423714525e-10 0.9999999999778174
16.720000000000002 3.044315544054076e-10 0.9999999999780012
16.73 3.018644326019872e-10 0.9999999999781837
16.740000000000002 2.993194607023464e-10 0.9999999999783633
16.750000000000004 2.9679644239373745e-10 0.9999999999785422
16.76 2.9429518315802694e-10 0.99999999997872
16.770000000000003 2.918154902547116e-10 0.9999999999788954
16.78 2.8935717270408747e-10 0.9999999999790699
16.790000000000003 2.8692004127059243e-10 0.9999999999792432
16.8 2.8450390844630717e-10 0.9999999999793986
16.810000000000002 2.82108588434621e-10 0.9999999999795681
16.82 2.7973389713406374e-10 0.9999999999797363
16.830000000000002 2.7737965212228165e-10 0.9999999999799198
16.840000000000003 2.750456726401864e-10 0.9999999999800859
16.85 2.727317795762525e-10 0.9999999999802502
16.860000000000003 2.7043779545096786e-10 0.9999999999804129
16.87 2.681635444014418e-10 0.9999999999805752
16.880000000000003 2.659088521661569e-10 0.9999999999807349
16.89 2.6367354606987613e-10 0.9999999999808938
16.900000000000002 2.614574550086984e-10 0.9999999999810516
16.91 2.592604094352567e-10 0.9999999999812075
16.92 2.570822413440557e-10 0.9999999999813622
16.930000000000003 2.5492278425697523e-10 0.9999999999815163
16.94 2.5278187320888246e-10 0.9999999999816682
16.950000000000003 2.5065934473341413e-10 0.9999999999818195
16.96 2.4855503684888094e-10 0.9999999999819692
16.970000000000002 2.4646878904431855e-10 0.9999999999821174
16.98 2.4440044226566145e-10 0.9999999999822653
16.990000000000002 2.4234983890207424e-10 0.999999999982411
17.000000000000004 2.4031682277239685e-10 0.999999999982556
17.01 2.3830123911171937e-10 0.9999999999826998
17.020000000000003 2.3630293455811603e-10 0.9999999999828418
17.03 2.343217571394702e-10 0.9999999999829832
17.040000000000003 2.3235755626045958e-10 0.9999999999831234
17.05 2.3041018268964493e-10 0.9999999999832617
17.060000000000002 2.2847948854670407e-10 0.9999999999834
17.07 2.2656532728977207e-10 0.999999999983536
17.080000000000002 2.2466755370292075e-10 0.9999999999836713
17.090000000000003 2.2278602388374446e-10 0.9999999999838056
17.1 2.209205952310855e-10 0.9999999999839388
17.110000000000003 2.1907112643284859e-10 0.9999999999840706
17.12 2.1723747745397102e-10 0.9999999999842021
17.130000000000003 2.154195095244838e-10 0.9999999999843315
17.14 2.1361708512769228e-10 0.9999999999844605
17.150000000000002 2.1183006798848052e-10 0.9999999999845884
17.160000000000004 2.1005832306171953e-10 0.9999999999847147
17.17 2.083017165207941e-10 0.9999999999848402
17.180000000000003 2.0656011574623556e-10 0.9999999999849647
17.19 2.0483338931447152e-10 0.9999999999850879
17.200000000000003 2.031214069866722e-10 0.9999999999852103
17.21 2.0142403969772268e-10 0.9999999999853316
17.220000000000002 1.9974115954528374e-10 0.9999999999854519
17.23 1.98072639778972e-10 0.9999999999855721
17.240000000000002 1.9641835478963375e-10 0.9999999999856896
17.250000000000004 1.947781800987285e-10 0.9999999999858072
17.26 1.9315199234782121e-10 0.999999999985924
17.270000000000003 1.915396692881575e-10 0.9999999999860394
17.28 1.8994108977035914e-10 0.9999999999861536
17.290000000000003 1.883561337342049e-10 0.9999999999862673
17.3 1.8678468219852084e-10 0.9999999999863792
17.310000000000002 1.8522661725115594e-10 0.9999999999864907
17.32 1.8368182203906752e-10 0.9999999999866018
17.330000000000002 1.8215018075848762e-10 0.9999999999867115
17.340000000000003 1.8063157864519973e-10 0.9999999999868205
17.35 1.791259019648982e-10 0.9999999999869283
17.360000000000003 1.7763303800363804e-10 0.9999999999870348
17.37 1.7615287505839163e-10 0.9999999999871417
17.380000000000003 1.7468530242767177e-10 0.9999999999872466
17.39 1.7323021040227754e-10 0.9999999999873511
17.400000000000002 1.717874902560934e-10 0.9999999999874549
17.410000000000004 1.7035703423700462e-10 0.9999999999875575
17.42 1.689387355578845e-10 0.9999999999876594
17.430000000000003 1.6753248838767257e-10 0.9999999999877605
17.44 1.6613818784253877e-10 0.99999999998786
17.450000000000003 1.647557299771327e-10 0.9999999999879595
17.46 1.6338501177591295e-10 0.9999999999880579
17.470000000000002 1.6202593114456449e-10 0.9999999999881553
17.48 1.6067838690149787e-10 0.9999999999882527
17.490000000000002 1.5934227876941931e-10 0.9999999999883484
17.500000000000004 1.5801750736699967e-10 0.9999999999884432
17.51 1.5670397420060566e-10 0.9999999999885388
17.520000000000003 1.554015816561211e-10 0.9999999999886318
17.53 1.5411023299084412e-10 0.9999999999887245
17.540000000000003 1.528298323254552e-10 0.9999999999888171
17.55 1.5156028463607092e-10 0.9999999999889077
17.560000000000002 1.5030149574636722e-10 0.9999999999889987
17.57 1.4905337231978363e-10 0.9999999999890886
17.580000000000002 1.4781582185179241e-10 0.9999999999891771
17.590000000000003 1.4658875266225446e-10 0.999999999989266
17.6 1.4537207388783114e-10 0.9999999999893536
17.610000000000003 1.441656954744873e-10 0.99999999998944
17.62 1.429695281700537e-10 0.9999999999895265
17.630000000000003 1.4178348351685657e-10 0.9999999999896118
17.64 1.4060747384443141e-10 0.9999999999896966
17.650000000000002 1.3944141226229478e-10 0.9999999999897806
17.660000000000004 1.382852126527882e-10 0.9999999999898642
17.67 1.37138789663989e-10 0.9999999999899467
17.680000000000003 1.3600205870269097e-10 0.9999999999900288
17.69 1.3487493592744946e-10 0.9999999999901096
17.700000000000003 1.3375733824169343e-10 0.9999999999901904
17.71 1.326491832869013e-10 0.9999999999902703
17.720000000000002 1.3155038943584398e-10 0.9999999999903494
17.73 1.3046087578588993e-10 0.9999999999904288
17.740000000000002 1.293805621523735e-10 0.9999999999905065
17.750000000000004 1.2830936906202876e-10 0.9999999999905833
17.76 1.2724721774648334e-10 0.9999999999906607
17.770000000000003 1.261940301358129e-10 0.9999999999907361
17.78 1.2514972885215911e-10 0.9999999999908116
17.790000000000003 1.2411423720340527e-10 0.9999999999908868
17.8 1.230874791769148e-10 0.9999999999909605
17.810000000000002 1.220693794333241e-10 0.9999999999910342
17.82 1.210598633004039e-10 0.9999999999911073
17.830000000000002 1.2005885676696368e-10 0.9999999999911794
17.840000000000003 1.1906628647682785e-10 0.9999999999912517
17.85 1.1808207972285968e-10 0.9999999999913222
17.860000000000003 1.1710616444104325e-10 0.9999999999913928
17.87 1.1613846920462956e-10 0.999999999991463
17.880000000000003 1.1517892321832309e-10 0.9999999999915322
17.89 1.1422745631253363e-10 0.9999999999916015
17.900000000000002 1.1328399893768141e-10 0.9999999999916694
17.910000000000004 1.1234848215855041e-10 0.9999999999917373
17.92 1.1142083764870164e-10 0.9999999999918042
17.930000000000003 1.1050099768493479e-10 0.9999999999918712
17.94 1.0958889514180162e-10 0.9999999999919368
17.950000000000003 1.0868446348617215e-10 0.9999999999920025
17.96 1.0778763677185542e-10 0.9999999999920672
17.970000000000002 1.0689834963426157e-10 0.9999999999921314
17.98 1.0601653728512675e-10 0.9999999999921958
17.990000000000002 1.0514213550727392e-10 0.9999999999922592
18.000000000000004 1.0427508064943256e-10 0.9999999999923218
18.01 1.0341530962110648e-10 0.9999999999923845
18.020000000000003 1.025627598874809e-10 0.9999999999924459
18.03 1.0171736946439028e-10 0.9999999999925071
18.040000000000003 1.0087907691332266e-10 0.9999999999925683
18.05 1.0004782133647693e-10 0.999999999992628
18.060000000000002 9.922354237185858e-11 0.9999999999926878
18.07 9.840618018843626e-11 0.9999999999927474
18.080000000000002 9.759567548132864e-11 0.999999999992806
18.090000000000003 9.679196946704183e-11 0.9999999999928646
18.1 9.599500387875364e-11 0.9999999999929223
18.110000000000003 9.520472096163844e-11 0.9999999999929793
18.12 9.442106346823776e-11 0.9999999999930367
18.130000000000003 9.364397465387417e-11 0.9999999999930932
18.14 9.287339827210477e-11 0.999999999993149
18.150000000000002 9.210927857022488e-11 0.9999999999932044
18.160000000000004 9.135156028480142e-11 0.999999999993259
18.17 9.060018863726175e-11 0.999999999993314
18.180000000000003 8.985510932951097e-11 0.9999999999933914
18.19 8.911626853960243e-11 0.9999999999934449
18.200000000000003 8.838361291743503e-11 0.9999999999934752
18.21 8.765708958050583e-11 0.9999999999935281
18.220000000000002 8.693664610968539e-11 0.9999999999935802
18.23 8.622223054504913e-11 0.9999999999936325
18.240000000000002 8.551379138173443e-11 0.9999999999936838
18.250000000000004 8.481127756584241e-11 0.9999999999937348
18.26 8.411463849037993e-11 0.999999999993786
18.270000000000003 8.342382399123119e-11 0.9999999999938362
18.28 8.273878434317705e-11 0.9999999999938858
18.290000000000003 8.205947025593983e-11 0.9999999999939354
18.3 8.138583287027887e-11 0.999999999993984
18.310000000000002 8.071782375410654e-11 0.9999999999940331
18.32 8.005539489865448e-11 0.9999999999940811
18.330000000000002 7.93984987146658e-11 0.9999999999941288
18.340000000000003 7.874708802862844e-11 0.9999999999941765
18.35 7.81011160790384e-11 0.9999999999942235
18.360000000000003 7.74605365127031e-11 0.9999999999942699
18.37 7.68253033810723e-11 0.9999999999943164
18.380000000000003 7.619537113661183e-11 0.9999999999943621
18.39 7.557069462920214e-11 0.9999999999944079
18.400000000000002 7.495122910257554e-11 0.9999999999944529
18.410000000000004 7.433693019078438e-11 0.9999999999944978
18.42 7.372775391470282e-11 0.9999999999945421
18.430000000000003 7.312365667855938e-11 0.9999999999945863
18.44 7.252459526650403e-11 0.99999999999463
18.450000000000003 7.193052683920584e-11 0.999999999994673
18.46 7.134140893048138e-11 0.9999999999947166
18.470000000000002 7.075719944395102e-11 0.999999999994759
18.48 7.017785664973831e-11 0.9999999999948016
18.490000000000002 6.960333918118183e-11 0.9999999999948435
18.500000000000004 6.903360603159466e-11 0.9999999999948848
18.51 6.846861655104097e-11 0.9999999999949264
18.520000000000003 6.790833044314863e-11 0.9999999999949668
18.53 6.735270776195195e-11 0.9999999999950075
18.540000000000003 6.680170890875748e-11 0.9999999999950483
18.55 6.625529462904697e-11 0.9999999999950875
18.560000000000002 6.571342600940109e-11 0.9999999999951271
18.57 6.517606447445629e-11 0.9999999999951666
18.580000000000002 6.464317178388941e-11 0.9999999999952054
18.590000000000003 6.411471002942618e-11 0.9999999999952442
18.6 6.359064163188313e-11 0.9999999999952826
18.610000000000003 6.307092933822891e-11 0.9999999999953199
18.62 6.2555536218684e-11 0.9999999999953583
18.630000000000003 6.204442566383303e-11 0.9999999999953956
18.64 6.153756138177616e-11 0.9999999999954329
18.650000000000002 6.103490739529863e-11 0.9999999999954697
18.660000000000004 6.053642803907001e-11 0.999999999995506
18.67 6.004208795686836e-11 0.999999999995542
18.680000000000003 5.955185209882765e-11 0.9999999999955781
18.69 5.906568571871542e-11 0.9999999999956134
18.700000000000003 5.858355437122974e-11 0.9999999999956488
18.71 5.810542390932551e-11 0.999999999995684
18.720000000000002 5.7631260481560884e-11 0.9999999999957188
18.73 5.716103052947376e-11 0.9999999999957531
18.740000000000002 5.6694700784975795e-11 0.9999999999957871
18.750000000000004 5.6232238267775395e-11 0.9999999999958213
18.76 5.577361028282113e-11 0.9999999999958552
18.770000000000003 5.531878441777065e-11 0.9999999999958881
18.78 5.486772854048097e-11 0.999999999995921
18.790000000000003 5.442041079652365e-11 0.9999999999959541
18.8 5.397679960672002e-11 0.9999999999959861
18.810000000000002 5.3536863664701824e-11 0.9999999999960183
18.82 5.310057193449149e-11 0.9999999999960505
18.830000000000002 5.2667893648107774e-11 0.9999999999960822
18.840000000000003 5.223879830318948e-11 0.9999999999961138
18.85 5.181325566064297e-11 0.9999999999961451
18.860000000000003 5.1391235742311124e-11 0.9999999999961758
18.87 5.0972708828663274e-11 0.9999999999962067
18.880000000000003 5.0557645456505634e-11 0.999999999996237
18.89 5.014601641671436e-11 0.9999999999962673
18.900000000000002 4.973779275198723e-11 0.9999999999962975
18.910000000000004 4.933294575461564e-11 0.9999999999963268
18.92 4.893144696427875e-11 0.9999999999963568
18.930000000000003 4.853326816585809e-11 0.9999999999963858
18.94 4.813838138726814e-11 0.9999999999964149
18.950000000000003 4.774675889731149e-11 0.9999999999964436
18.96 4.735837320355021e-11 0.9999999999964722
18.970000000000002 4.6973197050196826e-11 0.9999999999965007
18.98 4.6591203416028215e-11 0.9999999999965291
18.990000000000002 4.621236551231124e-11 0.9999999999965564
19.000000000000004 4.583665678075591e-11 0.9999999999965841
19.01 4.546405089147905e-11 0.9999999999966116
19.020000000000003 4.5094521740992194e-11 0.9999999999966387
19.03 4.47280434502057e-11 0.9999999999966656
19.040000000000003 4.4364590362448976e-11 0.9999999999966926
19.05 4.40041370415133e-11 0.9999999999967182
19.060000000000002 4.364665826970783e-11 0.999999999996745
19.07 4.3292129045935544e-11 0.999999999996771
19.080000000000002 4.294052458378654e-11 0.9999999999967971
19.090000000000003 4.259182030964705e-11 0.9999999999968227
19.1 4.2245991860829605e-11 0.9999999999968482
19.110000000000003 4.19030150837131e-11 0.9999999999968732
19.12 4.1562866031907636e-11 0.9999999999968984
19.130000000000003 4.1225520964429504e-11 0.999999999996923
19.14 4.0890956343897764e-11 0.999999999996948
19.150000000000002 4.0559148834742975e-11 0.9999999999969723
19.160000000000004 4.0230075301433764e-11 0.9999999999969964
19.17 3.990371280672142e-11 0.9999999999970207
19.180000000000003 3.9580038609896295e-11 0.9999999999970444
19.19 3.925903016506356e-11 0.999999999997068
19.200000000000003 3.89406651194322e-11 0.9999999999970917
19.21 3.8624921311621143e-11 0.9999999999971152
19.220000000000002 3.831177676997965e-11 0.9999999999971358
19.23 3.800120971092204e-11 0.9999999999971584
19.240000000000002 3.769319853728018e-11 0.9999999999971815
19.250000000000004 3.738772183666816e-11 0.9999999999972033
19.26 3.708475837986178e-11 0.9999999999972264
19.270000000000003 3.678428711919653e-11 0.9999999999972482
19.28 3.648628718697338e-11 0.99999999999727
19.290000000000003 3.619073789388441e-11 0.9999999999972916
19.3 3.589761872745131e-11 0.9999999999973126
19.310000000000002 3.5606909350475695e-11 0.9999999999973345
19.32 3.5318589599506335e-11 0.9999999999973554
19.330000000000002 3.5032639483318335e-11 0.9999999999973765
19.340000000000003 3.474903918140712e-11 0.9999999999973974
19.35 3.4467769042494307e-11 0.9999999999974178
19.360000000000003 3.418880958304878e-11 0.9999999999974384
19.37 3.3912141485820794e-11 0.9999999999974588
19.380000000000003 3.363774559838755e-11 0.9999999999974788
19.39 3.33656029317144e-11 0.9999999999974989
19.400000000000002 3.309569465872646e-11 0.9999999999975185
19.410000000000004 3.2828002112895486e-11 0.9999999999975381
19.42 3.2562506786836695e-11 0.9999999999975582
19.430000000000003 3.229919033092078e-11 0.9999999999975774
19.44 3.2038034551897434e-11 0.9999999999975967
19.450000000000003 3.177902141152958e-11 0.9999999999976152
19.46 3.15221330252427e-11 0.9999999999976347
19.470000000000002 3.126735166078401e-11 0.9999999999976532
19.48 3.1014659736894985e-11 0.9999999999976715
19.490000000000002 3.0764039821995506e-11 0.9999999999976954
19.500000000000004 3.0515474632878116e-11 0.9999999999977137
19.51 3.02689470334175e-11 0.9999999999977324
19.520000000000003 3.002444003328717e-11 0.99999999999775
19.53 2.978193678669209e-11 0.9999999999977679
19.540000000000003 2.954142059110829e-11 0.9999999999977859
19.55 2.930287488603789e-11 0.9999999999978031
19.560000000000002 2.9066283251771295e-11 0.9999999999978207
19.57 2.8831629408163826e-11 0.9999999999978383
19.580000000000002 2.8598897213421148e-11 0.9999999999978555
19.590000000000003 2.8368070662896622e-11 0.9999999999978726
19.6 2.8139133887898448e-11 0.9999999999978892
19.610000000000003 2.791207115450868e-11 0.9999999999979059
19.62 2.7686866862411124e-11 0.9999999999979229
19.630000000000003 2.7463505543732023e-11 0.9999999999979393
19.64 2.7241971861888515e-11 0.9999999999979557
19.650000000000002 2.702225061044966e-11 0.9999999999979722
19.660000000000004 2.680432671200532e-11 0.9999999999979884
19.67 2.6588185217047318e-11 0.9999999999980048
19.680000000000003 2.637381130285884e-11 0.9999999999980204
19.69 2.6161190272415587e-11 0.9999999999980361
19.700000000000003 2.5950307553294056e-11 0.9999999999980517
19.71 2.574114869659212e-11 0.9999999999980674
19.720000000000002 2.5533699375858324e-11 0.9999999999980828
19.73 2.5327945386029438e-11 0.9999999999980994
19.740000000000002 2.5123872642379696e-11 0.999999999998115
19.750000000000004 2.4921467179477626e-11 0.9999999999981309
19.76 2.47207151501533e-11 0.9999999999981434
19.770000000000003 2.4521602824473548e-11 0.999999999998158
19.78 2.4324116588727455e-11 0.9999999999981724
19.790000000000003 2.4128242944420005e-11 0.999999999998187
19.8 2.3933968507275753e-11 0.9999999999982011
19.810000000000002 2.3741280006249924e-11 0.9999999999982156
19.82 2.3550164282549093e-11 0.9999999999982296
19.830000000000002 2.3360608288660785e-11 0.999999999998244
19.840000000000003 2.317259908739115e-11 0.9999999999982578
19.85 2.2986123850911223e-11 0.9999999999982715
19.860000000000003 2.280116985981189e-11 0.9999999999982851
19.87 2.2617724502167662e-11 0.999999999998299
19.880000000000003 2.2435775272607364e-11 0.9999999999983122
19.89 2.2255309771394162e-11 0.9999999999983258
19.900000000000002 2.2076315703513966e-11 0.9999999999983394
19.910000000000004 2.189878087777064e-11 0.9999999999983523
19.92 2.1722693205891084e-11 0.9999999999983659
19.930000000000003 2.1548040701635435e-11 0.9999999999983785
19.94 2.1374811479919048e-11 0.9999999999983917
19.950000000000003 2.1202993755938507e-11 0.999999999998404
19.96 2.1032575844306968e-11 0.9999999999984173
19.970000000000002 2.0863546158197796e-11 0.9999999999984295
19.98 2.069589320849479e-11 0.999999999998442
19.990000000000002 2.0529605602950027e-11 0.9999999999984546
20.000000000000004 2.0364672045349386e-11 0.9999999999984668
