D prob percentile
0.501 7.490148288314381e-98 2.874199361184689e-100
0.502 6.114461385574424e-97 2.369852035704092e-99
0.503 4.90156729516158e-96 1.918733840008127e-98
0.504 3.85916199008179e-95 1.5257030156078293e-97
0.505 2.9847217816281325e-94 1.1916778590498013e-96
0.506 2.2679750684693877e-93 9.14434070445008e-96
0.507 1.6934262435815657e-92 6.894787758060949e-95
0.508 1.2426738330049729e-91 5.108976980280831e-94
0.509 8.963536942552253e-91 3.7210059226215307e-93
0.51 6.356248549834165e-90 2.6642087566699217e-92
0.511 4.4318863920345786e-89 1.8755342588453823e-91
0.512 3.038848422791401e-88 1.2983664580195006e-90
0.513 2.0494050884861e-87 8.839975972638107e-90
0.514 1.359596149756713e-86 5.920408538962785e-89
0.515 8.874005499905482e-86 3.900889626774463e-88
0.516 5.699289871772985e-85 2.529012449690555e-87
0.517 3.602268258124955e-84 1.6135292712886092e-86
0.518 2.241031277310302e-83 1.0132203512711245e-85
0.519 1.3724546566824958e-82 6.263168308377019e-85
0.52 8.275368267421319e-82 3.811612016551804e-84
0.521 4.913333845028816e-81 2.2840646276134583e-83
0.522 2.872927018373523e-80 1.347886196778543e-82
0.523 1.6545939227282878e-79 7.83434372492074e-82
0.524 9.387183167696782e-79 4.485546721412869e-81
0.525 5.247036866086705e-78 2.53017008753168e-80
0.526 2.8899159909974315e-77 1.4062522294926327e-79
0.527 1.5685751576918282e-76 7.702166793025853e-79
0.528 8.391326294752888e-76 4.157719940164275e-78
0.529 4.425034089767175e-75 2.2123101713743577e-77
0.53 2.3004795291704024e-74 1.1604877292305595e-76
0.531 1.1792077041968414e-73 6.001966415064893e-76
0.532 5.96054967866918e-73 3.0609709130599257e-75
0.533 2.9713904461241177e-72 1.539540398591147e-74
0.534 1.461044133032678e-71 7.637342886058295e-74
0.535 7.086787435887872e-71 3.737363428118842e-73
0.536 3.391326995323752e-70 1.8043144018096737e-72
0.537 1.6013096495256477e-69 8.594773089286207e-72
0.538 7.46134386296351e-69 4.040014145175784e-71
0.539 3.4311922051497283e-68 1.874166059617144e-70
0.54 1.5574315385533862e-67 8.581434650696678e-70
0.541 6.97843409814597e-67 3.8787144885125135e-69
0.542 3.087029453399341e-66 1.7307755285449064e-68
0.543 1.348358970875602e-65 7.625479358052488e-68
0.544 5.81567268500967e-65 3.317530993919663e-67
0.545 2.4772582516944316e-64 1.4253835765659236e-66
0.546 1.042236483513425e-63 6.048733474213404e-66
0.547 4.331429125505393e-63 2.5354767344193937e-65
0.548 1.7783282973354416e-62 1.0499373337663452e-64
0.549 7.213629442698172e-62 4.2955751648543434e-64
0.55 2.8913576166155742e-61 1.7365153961080298e-63
0.551 1.145250173465322e-60 6.937133529830934e-63
0.552 4.483256014991545e-60 2.738860159322929e-62
0.553 1.734702244465182e-59 1.0687888220275232e-61
0.554 6.634951420570982e-59 4.1227747479403984e-61
0.555 2.5088501116560907e-58 1.572193384545132e-60
0.556 9.379467439989763e-58 5.927663556716266e-60
0.557 3.4672891508772626e-57 2.209858700464091e-59
0.558 1.2675113791924738e-56 8.146866223786817e-59
0.559 4.582523520671243e-56 2.9703191688457257e-58
0.56 1.6386615780515155e-55 1.071132100349505e-57
0.561 5.7962335653411005e-55 3.82076975088167e-57
0.562 2.0282170851467414e-54 1.3482385829875846e-56
0.5630000000000001 7.021573965551777e-54 4.706850835689046e-56
0.5640000000000001 2.405166440843585e-53 1.625853013191156e-55
0.5650000000000001 8.1523944035750065e-53 5.557228648241536e-55
0.5660000000000001 2.7345949303795713e-52 1.8797495739608568e-54
0.5670000000000001 9.078343697585017e-52 6.292811132817902e-54
0.5680000000000001 2.9830716417581295e-51 2.085116061136129e-53
0.5690000000000001 9.702898375951455e-51 6.839023552246632e-53
0.5700000000000001 3.124330367206493e-50 2.2206158211403326e-52
0.5710000000000001 9.96016796849338e-50 7.138467761401416e-52
0.5720000000000001 3.143886413784505e-49 2.272088495668943e-51
0.5730000000000001 9.826376127772417e-49 7.160943152486768e-51
0.5740000000000001 3.0414579087974555e-48 2.234990507437081e-50
0.5750000000000001 9.323249918395155e-48 6.908392467927101e-50
0.5760000000000001 2.830641005556753e-47 2.1149944602681217e-49
0.5770000000000001 8.512727777027955e-47 6.413677169667851e-49
0.5780000000000001 2.536024155768666e-46 1.9266595241854568e-48
0.5790000000000001 7.484668924495717e-46 5.733725877805537e-48
0.5800000000000001 2.188567425533259e-45 1.690583743794265e-47
0.5810000000000001 6.340866898340797e-45 4.938984655470172e-47
0.5820000000000001 1.8204201796318107e-44 1.4297924184590888e-46
0.5830000000000001 5.179186634482484e-44 4.10180880834856e-46
0.5840000000000001 1.4603289967796888e-43 1.166211778637707e-45
0.5850000000000001 4.081042251213229e-43 3.286330138763696e-45
0.5860000000000001 1.1304579577962634e-42 9.179279178651555e-45
0.5870000000000001 3.1040741846621344e-42 2.541564624014477e-44
0.5880000000000001 8.449582237751861e-42 6.976220424017267e-44
0.5890000000000001 2.2803141217562424e-41 1.8984390881316945e-43
0.5900000000000001 6.101560881212163e-41 5.122255786727997e-43
0.5910000000000001 1.6188414192558823e-40 1.370390617518394e-42
0.5920000000000001 4.259069480700814e-40 3.635600262757673e-42
0.5930000000000001 1.1112247234223422e-39 9.565030162989268e-42
0.5940000000000001 2.8753799319010204e-39 2.495770143240291e-41
0.5950000000000001 7.379448348061224e-39 6.458923329281936e-41
0.5960000000000001 1.878524017262952e-38 1.6579902963318869e-40
0.5970000000000001 4.743538301205816e-38 4.221811987126014e-40
0.5980000000000001 1.1882538293490182e-37 1.0664470902067494e-39
0.5990000000000001 2.9530123975443947e-37 2.672584634456597e-39
0.6000000000000001 7.281123238676493e-37 6.645127166725828e-39
0.6010000000000001 1.7812961497041107e-36 1.6393907866202645e-38
0.6020000000000001 4.324200583662262e-36 4.0132524683109704e-38
0.6030000000000001 1.0416805529101784e-35 9.749277931060287e-38
0.6040000000000001 2.490285424092445e-35 2.350375926669482e-37
0.6050000000000001 5.908484740206109e-35 5.623643755117222e-37
0.6060000000000001 1.391367534394778e-34 1.335488961871991e-36
0.6070000000000001 3.252164186547148e-34 3.147973232468357e-36
0.6080000000000001 7.545599807390839e-34 7.36573248622235e-36
0.6090000000000001 1.7379264909521973e-33 1.7108847486593646e-35
0.6100000000000001 3.9738434934606615e-33 3.945217534741762e-35
0.6110000000000001 9.021048035163555e-33 9.03216356307951e-35
0.6120000000000001 2.0332699673118425e-32 2.053091449232815e-34
0.6130000000000001 4.5504004572002975e-32 4.633885002791381e-34
0.6140000000000001 1.0112189461189863e-31 1.0385495858590049e-33
0.6150000000000001 2.2315470573628167e-31 2.311418564288529e-33
0.6160000000000001 4.890533288325896e-31 5.108853625083625e-33
0.6170000000000001 1.0644359615328657e-30 1.1214650274802477e-32
0.6180000000000001 2.301015923870878e-30 2.445057720516086e-32
0.6190000000000001 4.9406021347858576e-30 5.29489172761511e-32
0.6200000000000001 1.0537158373834613e-29 1.1389716333999326e-31
0.6210000000000001 2.2324075930249423e-29 2.4337706450348537e-31
0.6220000000000001 4.698428435672496e-29 5.166306400558733e-31
0.6230000000000001 9.823889406764926e-29 1.089524724063774e-30
0.6240000000000001 2.040743476603841e-28 2.2828264008790446e-30
0.6250000000000001 4.212012531902011e-28 4.7523650755444724e-30
0.6260000000000001 8.63791971184201e-28 9.830370026338937e-30
0.6270000000000001 1.760227219101871e-27 2.0205748730449094e-29
0.6280000000000001 3.564428933757455e-27 4.1271162415901494e-29
0.6290000000000001 7.172891370785139e-27 8.377348654427638e-29
0.6300000000000001 1.4345075245775032e-26 1.6899579255545649e-28
0.6310000000000001 2.8512593476744737e-26 3.388251924415123e-28
0.6320000000000001 5.632701984841975e-26 6.751913913531719e-28
0.6330000000000001 1.1060217049549898e-25 1.337365815158174e-27
0.6340000000000001 2.1587275324141487e-25 2.6330929669062132e-27
0.6350000000000001 4.188317713467951e-25 5.1534157061775456e-27
0.6360000000000001 8.078098385459567e-25 1.0026684395895551e-26
0.6370000000000001 1.5489105512859933e-24 1.9394236972481748e-26
0.6380000000000001 2.952643358166993e-24 3.729589724589007e-26
0.6390000000000001 5.596064406871595e-24 7.130862830807042e-26
0.6400000000000001 1.0545347700932202e-23 1.3556115076554372e-25
0.6410000000000001 1.9758995124798684e-23 2.5624763402628267e-25
0.6420000000000001 3.681405443464733e-23 4.816538964876442e-25
0.6430000000000001 6.820657182054605e-23 9.002846927664969e-25
0.6440000000000001 1.2566702515781335e-22 1.6734511598251993e-24
0.6450000000000001 2.3025951822469437e-22 3.0935223389938377e-24
0.6460000000000001 4.1959802572048826e-22 5.6874684460164784e-24
0.6470000000000001 7.604788694605062e-22 1.039988660766448e-23
0.6480000000000001 1.3708718651574796e-21 1.891473416037152e-23
0.6490000000000001 2.457992436926719e-21 3.4217787987173984e-23
0.6500000000000001 4.3838532095718666e-21 6.157459094933317e-23
0.6510000000000001 7.777515947085039e-21 1.102216138559859e-22
0.6520000000000001 1.3726277460246933e-20 1.9627508832320867e-22
0.6530000000000001 2.409955117351837e-20 3.477076077830652e-22
0.6540000000000001 4.209462706738642e-20 6.128173643550627e-22
0.6550000000000001 7.315145604340973e-20 1.0745655319087413e-21
0.6560000000000001 1.2647794506499047e-19 1.874721212615914e-21
0.6570000000000001 2.175799738249027e-19 3.254312487262443e-21
0.6580000000000001 3.7243626832536484e-19 5.621047671922259e-21
0.6590000000000001 6.343521733120078e-19 9.661115757521811e-21
0.6600000000000001 1.07515398561325e-18 1.6523639441400126e-20
0.6610000000000001 1.8133802919014693e-18 2.8123463744652684e-20
0.6620000000000001 3.0436953112066278e-18 4.763571767545691e-20
0.6630000000000001 5.084209773941564e-18 8.029960692779829e-20
0.6640000000000001 8.45223483935255e-18 1.3471836126533562e-19
0.6650000000000001 1.398495681511801e-17 2.24951326913703e-19
0.6660000000000001 2.303073113581551e-17 3.738645808111535e-19
0.6670000000000001 3.775085151434084e-17 6.184713020203024e-19
0.6680000000000001 6.159330244619989e-17 1.0184028127970568e-18
0.6690000000000002 1.0003295358040131e-16 1.6692817712121444e-18
0.6700000000000002 1.617225507008415e-16 2.7237348273888695e-18
0.6710000000000002 2.6027404457960217e-16 4.424254228501969e-18
0.6720000000000002 4.170025418670907e-16 7.154351021035747e-18
0.6730000000000002 6.651334016809018e-16 1.1517813809233992e-17
0.6740000000000002 1.0562228453194635e-15 1.846095234514956e-17
0.6750000000000002 1.6699116986325544e-15 2.946027977480645e-17
0.6760000000000002 2.628675015934021e-15 4.680936094796047e-17
0.6770000000000002 4.120025433165191e-15 7.405525489470437e-17
0.6780000000000002 6.429786576584472e-15 1.1665960517377615e-16
0.6790000000000002 9.991732876399788e-15 1.8299557535731048e-16
0.6800000000000002 1.5461317147374086e-14 2.858446323623013e-16
0.6810000000000002 2.3824691434566185e-14 4.446339769335828e-16
0.6820000000000002 3.6559209374588444e-14 6.887666020129267e-16
0.6830000000000002 5.5868691601189995e-14 1.0625561960578616e-15
0.6840000000000002 8.502678740077547e-14 1.6325090085883322e-15
0.6850000000000002 1.2887594509283362e-13 2.498023176581103e-15
0.6860000000000002 1.9454941505751382e-13 3.807042980486256e-15
0.6870000000000002 2.925115445755501e-13 5.778866621255852e-15
0.6880000000000002 4.380503618744341e-13 8.737238006153397e-15
0.6890000000000002 6.534101185754465e-13 1.3158160876056393e-14
0.6900000000000002 9.70825492348263e-13 1.9738701109646352e-14
0.6910000000000002 1.4368208183684353e-12 2.9495585667894955e-14
0.6920000000000002 2.11827672066493e-12 4.390592905625105e-14
0.6930000000000002 3.110955732071932e-12 6.510727710743945e-14
0.6940000000000002 4.551434942228137e-12 9.61808319717402e-14
0.6950000000000002 6.633739777618195e-12 1.415508507933882e-13
0.6960000000000002 9.632437991328512e-12 2.0754564382491467e-13
0.6970000000000002 1.3934574989208107e-11 3.031824611417326e-13
0.6980000000000002 2.0083660233451584e-11 4.4126133388508445e-13
0.6990000000000002 2.8840013516389503e-11 6.398835720702815e-13
0.7000000000000002 4.126323143282051e-11 9.245516582295348e-13
0.7010000000000002 5.882444329427325e-11 1.3310620197358558e-12
0.7020000000000002 8.355852549934332e-11 1.9094748914572716e-12
0.7030000000000002 1.1826970304099338e-10 2.729541709194511e-12
0.7040000000000002 1.668081994603066e-10 3.888097279283552e-12
0.7050000000000002 2.344410694246731e-10 5.519090390028461e-12
0.7060000000000002 3.28347394899376e-10 7.807144062009184e-12
0.7070000000000002 4.5827706117686173e-10 1.1005819831693451e-11
0.7080000000000002 6.374238654339102e-10 1.546212767240355e-11
0.7090000000000002 8.835783787283554e-10 2.1649297400780402e-11
0.7100000000000002 1.220644554676404e-09 3.021043745645484e-11
0.7110000000000002 1.6806274953391462e-09 4.2016488547416177e-11
0.7120000000000002 2.3062291876596646e-09 5.824287711013217e-11
0.7130000000000002 3.1542257878199165e-09 8.047054142619285e-11
0.7140000000000002 4.299845806901495e-09 1.1081860853844794e-10
0.7150000000000002 5.842425309876555e-09 1.5211802461689275e-10
0.7160000000000002 7.91268632127257e-09 2.0813798458555019e-10
0.7170000000000002 1.0682070798761102e-08 2.8388018898595027e-10
0.7180000000000002 1.4374668037069202e-08 3.859599221869221e-10
0.7190000000000002 1.928240199151394e-08 5.230978699576781e-10
0.7200000000000002 2.5784301167976557e-08 7.067526834889565e-10
0.7210000000000002 3.4370862500253655e-08 9.519317974536705e-10
0.7220000000000002 4.567474786355566e-08 1.2782272126912094e-09
0.7230000000000002 6.050932421168875e-08 1.7111342018352497e-09
0.7240000000000002 7.991688331841067e-08 2.2837245891641717e-09
0.7250000000000002 1.0522876324037867e-07 3.0387628603525285e-09
0.7260000000000002 1.3814005038665192e-07 4.0313734135804335e-09
0.7270000000000002 1.8080207900021335e-07 5.332391392628341e-09
0.7280000000000002 2.3593657550773823e-07 7.0325584578207585e-09
0.7290000000000002 3.0697603120574903e-07 9.247759363981177e-09
0.7300000000000002 3.9823574177734496e-07 1.2125536245811186e-08
0.7310000000000002 5.151239407841625e-07 1.5853166096169474e-08
0.7320000000000002 6.643975920142795e-07 2.0667644220976684e-08
0.7330000000000002 8.544727085456746e-07 2.6867983755094893e-08
0.7340000000000002 1.0957995512501855e-06 3.4830320050456e-08
0.7350000000000002 1.4013147430727195e-06 4.5026400462542396e-08
0.7360000000000002 1.7869842345052473e-06 5.804614646372107e-08
0.7370000000000002 2.2724531864228343e-06 7.462510497152873e-08
0.7380000000000002 2.881821213999047e-06 9.567769703258438e-08
0.7390000000000002 3.6445640732945475e-06 1.2233748655501125e-07
0.7400000000000002 4.596625781527837e-06 1.5600561967145244e-07
0.7410000000000002 5.7817083511516955e-06 1.984090536671499e-07
0.7420000000000002 7.252789790930014e-06 2.51670275673009e-07
0.7430000000000002 9.0739047836279e-06 3.183905301094099e-07
0.7440000000000002 1.1322226483288717e-05 4.0174886514051744e-07
0.7450000000000002 1.4090492171974417e-05 5.056196412965727e-07
0.7460000000000002 1.74898200549464e-05 6.347115145899968e-07
0.7470000000000002 2.1652969223939532e-05 7.947313137559316e-07
0.7480000000000002 2.6738099739543156e-05 9.925766782677161e-07
0.7490000000000002 3.293309482335758e-05 1.2365618117036049e-06
0.7500000000000002 4.046051224362042e-05 1.5366812345891647e-06
0.7510000000000002 4.95832370459821e-05 1.9049169921327953e-06
0.7520000000000002 6.061091273125244e-05 2.355595384735603e-06
0.7530000000000002 7.390723270652092e-05 2.905799941394016e-06
0.7540000000000002 8.989817821184957e-05 3.575848045772967e-06
0.7550000000000002 0.00010908129281296041 4.389839348397421e-06
0.7560000000000002 0.00013203608679709732 5.376284851457694e-06
0.7570000000000002 0.00015943566724525355 6.568826329213022e-06
0.7580000000000002 0.0001920596909970373 8.007056539504884e-06
0.7590000000000002 0.00023080873797915198 9.737451481526315e-06
0.7600000000000002 0.0002767202012299 1.18144267511437e-05
0.7610000000000002 0.0003309857872068901 1.4301530825429296e-05
0.7620000000000002 0.0003949707153957448 1.727278885856868e-05
0.7630000000000002 0.0004702346996252844 2.08142112760798e-05
0.7640000000000002 0.000558554784623493 2.5025482095681543e-05
0.7650000000000002 0.0006619501000116926 3.0021842461776538e-05
0.7660000000000002 0.0007827085799371112 3.593618533532005e-05
0.7670000000000002 0.0009234156797108997 4.292137760930128e-05
0.7680000000000002 0.0010869851010007518 5.115282609819863e-05
0.7690000000000002 0.0012766915142053278 6.083130385267724e-05
0.7700000000000002 0.00149620524053126 7.218605305253174e-05
0.7710000000000002 0.001749628826969353 8.547818030528429e-05
0.7720000000000002 0.002041535414838465 0.00010100435949834544
0.7730000000000002 0.0023770087669087643 0.00011910085639345864
0.7740000000000002 0.0027616847794702205 0.00014014788788789203
0.7750000000000002 0.003201794264278454 0.00016457432727391108
0.7760000000000002 0.003704206741377833 0.00019286276488475444
0.7770000000000002 0.004276474937717227 0.0002255549312022448
0.7780000000000002 0.004926879638682382 0.00026325748680288596
0.7790000000000002 0.005664474490684197 0.00030664818042326506
0.7800000000000002 0.006499130303356515 0.0003564823729250391
0.7810000000000002 0.0074415783504118765 0.00041359992103181766
0.7820000000000003 0.00850345211951721 0.000478932410399466
0.7830000000000003 0.009697326914508466 0.0005535107228764962
0.7840000000000003 0.011036756668722161 0.0006384729177306435
0.7850000000000003 0.012536307287127204 0.0007350724011849425
0.7860000000000003 0.014211585798234188 0.0008446863528536429
0.7870000000000003 0.01607926456544084 0.0009688243716363869
0.7880000000000003 0.018157099782529756 0.0011091372973644155
0.7890000000000003 0.020463943460465997 0.0012674261580543484
0.7900000000000003 0.02301974810339357 0.0014456511860746588
0.7910000000000003 0.02584556327173714 0.001645940839942119
0.7920000000000003 0.028963523240418693 0.0018706007619184162
0.7930000000000003 0.03239682498117482 0.0021221225951560388
0.7940000000000003 0.03616969573045434 0.0024031925779424822
0.7950000000000003 0.04030734944896629 0.002716699826704863
0.7960000000000003 0.04483593153595531 0.0030657442139700717
0.7970000000000003 0.04978245123104288 0.0034536437425250906
0.7980000000000003 0.05517470121890552 0.00388394131269975
0.7990000000000003 0.061041164047178534 0.004360410776092675
0.8000000000000003 0.0674109050753132 0.004887062166311881
0.8010000000000003 0.07431345179116791 0.005468145995441188
0.8020000000000003 0.08177865946216366 0.006108156504154654
0.8030000000000003 0.089836563227806 0.006811833753682714
0.8040000000000003 0.09851721688913084 0.007584164449319916
0.8050000000000003 0.1078505188067807 0.008430381387896514
0.8060000000000003 0.11786602548129639 0.009355961425673662
0.8070000000000003 0.12859275355508826 0.010366621868510317
0.8080000000000003 0.1400589711434986 0.011468315192902187
0.8090000000000003 0.15229197957020435 0.012667222014631128
0.8100000000000003 0.16531788674787812 0.013969742231266152
0.8110000000000003 0.17916137360610998 0.015382484275606496
0.8120000000000003 0.19384545512289506 0.016912252429297097
0.8130000000000003 0.2093912376609487 0.01856603215922224
0.8140000000000003 0.225817674443717 0.020350973453798958
0.8150000000000003 0.2431413211255683 0.02227437215183317
0.8160000000000003 0.26137609351437785 0.02434364927312576
0.8170000000000003 0.2805330295903601 0.02656632837719165
0.8180000000000003 0.30062005803073566 0.028950010994387994
0.8190000000000003 0.32164177549399786 0.03150235019211488
0.8200000000000003 0.34359923493857675 0.0342310223571393
0.8210000000000003 0.3664897472476996 0.037143697294111724
0.8220000000000003 0.3903066984040769 0.040248006758552814
0.8230000000000003 0.4150393844041895 0.04355151156098433
0.8240000000000003 0.44067286602244554 0.04706166739648392
0.8250000000000003 0.46718784543000774 0.05078578957084029
0.8260000000000003 0.49456056654251546 0.054731016810433644
0.8270000000000003 0.5227627408158914 0.058904274357705746
0.8280000000000003 0.551761500031099 0.06331223656749177
0.8290000000000003 0.5815193774086693 0.06796128923131516
0.8300000000000003 0.6119943181739778 0.07285749186685768
0.8310000000000003 0.6431397204564738 0.07800654021805645
0.8320000000000003 0.6749045071531836 0.083413729217496
0.8330000000000003 0.7072332291210979 0.08908391666685031
0.8340000000000003 0.7400661997876827 0.0950214878930109
0.8350000000000003 0.7733396609865931 0.10123032163708634
0.8360000000000003 0.8069859795399295 0.10771375743074439
0.8370000000000003 0.8409338738225071 0.11447456470922884
0.8380000000000003 0.8751086692605891 0.12151491390297009
0.8390000000000003 0.9094325814408072 0.12883634973996014
0.8400000000000003 0.9438250252381583 0.13643976697903756
0.8410000000000003 0.978202948117269 0.14432538878060955
0.8420000000000003 1.0124811855227387 0.15249274790348175
0.8430000000000003 1.0465728360539985 0.16094067090187436
0.8440000000000003 1.0803896539212365 0.1696672654726892
0.8450000000000003 1.1138424560032012 0.17866991108522678
0.8460000000000003 1.1468415406776302 0.1879452530012295
0.8470000000000003 1.179297115472085 0.19748919976987175
0.8480000000000003 1.2111197304886425 0.20729692425762594
0.8490000000000003 1.2422207144910329 0.2173628682476641
0.8500000000000003 1.2725126105083453 0.22768075061772156
0.8510000000000003 1.301909607805518 0.23824357907955782
0.8520000000000003 1.3303279670970412 0.24904366543732762
0.8530000000000003 1.357686435937031 0.26007264429681576
0.8540000000000003 1.3839066513041385 0.27132149513260323
0.8550000000000003 1.4089135265135646 0.28278056759626224
0.8560000000000003 1.4326356197284538 0.2944396099256644
0.8570000000000003 1.4550054815078484 0.30628780029378
0.8580000000000003 1.4759599790159184 0.3183137809150916
0.8590000000000003 1.4954405947252363 0.33050569470904856
0.8600000000000003 1.5133936976727718 0.34285122430317594
0.8610000000000003 1.529770785568473 0.3553376331434555
0.8620000000000003 1.5445286963101446 0.36795180846670855
0.8630000000000003 1.55762978772167 0.3806803058789065
0.8640000000000003 1.5690420846017867 0.393509395274748
0.8650000000000003 1.5787393924446056 0.40642510782735514
0.8660000000000003 1.5867013774679148 0.41941328377326026
0.8670000000000003 1.5929136128582484 0.43245962071511823
0.8680000000000003 1.597367591409976 0.4455497221660293
0.8690000000000003 1.6000607049966147 0.45866914606100606
0.8700000000000003 1.6009961915638036 0.47180345296621123
0.8710000000000003 1.600183050572515 0.4849382537230862
0.8720000000000003 1.597635928046163 0.49805925627308206
0.8730000000000003 1.5933749725843214 0.5111523114190385
0.8740000000000003 1.5874256638972533 0.524203457291205
0.8750000000000003 1.5798186155879788 0.537198962299437
0.8760000000000003 1.5705893540610907 0.5501253663678225
0.8770000000000003 1.5597780755689423 0.5629695202640509
0.8780000000000003 1.5474293835159734 0.5757186228527487
0.8790000000000003 1.5335920082299337 0.5883602561197914
0.8800000000000003 1.5183185114750646 0.6008824178330465
0.8810000000000003 1.5016649780266202 0.6132735517238093
0.8820000000000003 1.4836906966491845 0.6255225750923867
0.8830000000000003 1.4644578328233133 0.6376189037605011
0.8840000000000003 1.4440310955473223 0.64955247431237
0.8850000000000003 1.4224774005041239 0.6613137635852611
0.8860000000000003 1.399865531828201 0.6728938053889372
0.8870000000000003 1.3762658046365093 0.6842842044514061
0.8880000000000003 1.351749730400382 0.6954771476058474
0.8890000000000003 1.3263896871350975 0.7064654122501984
0.8900000000000003 1.300258596271292 0.7172423721266789
0.8910000000000003 1.27342960794907 0.7278020004832855
0.8920000000000003 1.2459757963436413 0.7381388706930883
0.8930000000000003 1.2179698664918435 0.7482481544197498
0.8940000000000003 1.1894838739438152 0.758125617429184
0.8950000000000004 1.1605889584150104 0.7677676131574983
0.8960000000000004 1.131355092462106 0.7771710741544287
0.8970000000000004 1.1018508460537546 0.786333501529192
0.8980000000000004 1.0721431677551831 0.795252952532268
0.8990000000000004 1.0422971830952363 0.8039280264118348
0.9000000000000004 1.0123760105373827 0.8123578486877098
0.9010000000000004 0.9824405953332623 0.8205420539884575
0.9020000000000004 0.9525495613997546 0.8284807675990896
0.9030000000000004 0.922759081229026 0.8361745858673565
0.9040000000000004 0.8931227637168409 0.8436245556162315
0.9050000000000004 0.8636915596776032 0.8508321527087273
0.9060000000000004 0.8345136847063681 0.8577992599088562
0.9070000000000004 0.8056345589485552 0.8645281441793371
0.9080000000000004 0.7770967632475422 0.8710214335526697
0.9090000000000004 0.7489400110594 0.877282093707507
0.9100000000000004 0.7212011354522667 0.8833134043769574
0.9110000000000004 0.6939140904460117 0.8891189357095692
0.9120000000000004 0.6671099658949523 0.8947025246974324
0.9130000000000004 0.6408170150732478 0.9000682517791087
0.9140000000000004 0.6150606940882473 0.9052204177180393
0.9150000000000004 0.5898637122215907 0.910163520849821
0.9160000000000004 0.565246092280712 0.914902234784258
0.9170000000000004 0.5412252400344408 0.9194413866405212
0.9180000000000004 0.5178160218046057 0.9237859358861701
0.9190000000000004 0.4950308492911119 0.9279409538431438
0.9200000000000004 0.4728797707199209 0.9319116039163472
0.9210000000000004 0.4513705674211208 0.9357031225930311
0.9220000000000004 0.4305088549676028 0.9393208012539369
0.9230000000000004 0.41029818803289686 0.942769968830157
0.9240000000000004 0.3907401681589318 0.9460559753328833
0.9250000000000004 0.37183455366043794 0.9491841762767285
0.9260000000000004 0.3535793709316964 0.9521599180111024
0.9270000000000004 0.33597102646289245 0.9549885239682889
0.9280000000000004 0.319004418916801 0.9576752818313375
0.9290000000000004 0.30267305066170996 0.9602254316197812
0.9300000000000004 0.2869691382024768 0.9626441546863651
0.9310000000000004 0.271883720998272 0.9649365636136362
0.9320000000000004 0.257406768202436 0.9671076929952169
0.9330000000000004 0.2435272829064424 0.9691624910829489
0.9340000000000004 0.2302334035158981 0.9711058122778904
0.9350000000000004 0.21751250193173344 0.9729424104402548
0.9360000000000004 0.20535127825354035 0.974676932990869
0.9370000000000004 0.19373585176454644 0.9763139157746348
0.9380000000000004 0.1826518479985181 0.9778577786545936
0.9390000000000004 0.17208448172786062 0.9793128218037952
0.9400000000000004 0.16201863574917968 0.980683222660941
0.9410000000000004 0.15243893537740794 0.9819730335149559
0.9420000000000004 0.1433298185922877 0.9831861796830054
0.9430000000000004 0.13467560181135269 0.9843264582461557
0.9440000000000004 0.12646054129164688 0.9853975373068085
0.9450000000000004 0.1186688901881044 0.9864029557320861
0.9460000000000004 0.11128495131994767 0.9873461233477985
0.9470000000000004 0.10429312571750807 0.9882303215479782
0.9480000000000004 0.0976779570407382 0.9890587042857832
0.9490000000000004 0.09142417197724151 0.9898342994122894
0.9500000000000004 0.08551671674214928 0.9905600103306965
0.9510000000000004 0.07994078981455659 0.9912386179344833
0.9520000000000004 0.07468187105566962 0.9918727827992485
0.9530000000000004 0.06972574736238223 0.9924650475991512
0.9540000000000004 0.06505853501680335 0.9930178397201772
0.9550000000000004 0.060666698897385685 0.9935334740438188
0.9560000000000004 0.05653706872092466 0.9940141558760814
0.9570000000000004 0.05265685248686396 0.99446198399817
0.9580000000000004 0.0490136472962127 0.9948789538166022
0.9590000000000004 0.04559544771704993 0.995266960591918
0.9600000000000004 0.0423906518671859 0.9956278027265445
0.9610000000000004 0.03938806538216195 0.995963185093792
0.9620000000000004 0.03657690343355284 0.9962747223912783
0.9630000000000004 0.033946790958515626 0.9965639425034951
0.9640000000000004 0.03148776125692263 0.9968322898594285
0.9650000000000004 0.029190253107167122 0.997081128772507
0.9660000000000004 0.027045106546108772 0.9973117467512997
0.9670000000000004 0.02504355745253317 0.9975253577705798
0.9680000000000004 0.023177231067187113 0.9977231054935053
0.9690000000000004 0.0214381345758482 0.9979060664366775
0.9700000000000004 0.019818648875162933 0.9980752530709373
0.9710000000000004 0.018311519634169795 0.9982316168515974
0.9720000000000004 0.016909847757533125 0.998376051172836
0.9730000000000004 0.01560707934969279 0.9985093942417039
0.9740000000000004 0.01439699527231559 0.9986324318680656
0.9750000000000004 0.013273700380766886 0.998745900167469
0.9760000000000004 0.012231612518754258 0.9988504881746689
0.9770000000000004 0.011265451343921 0.9989468403660707
0.9780000000000004 0.010370227050973757 0.9990355590900689
0.9790000000000004 0.009541229052959604 0.9991172069045956
0.9800000000000004 0.008774014675573557 0.999192308821842
0.9810000000000004 0.008064397913888847 0.9992613544604169
0.9820000000000004 0.007408438295684894 0.9993248001056704
0.9830000000000004 0.006802429890585308 0.9993830706792021
0.9840000000000004 0.00624289049954519 0.9994365616188947
0.9850000000000004 0.005726551054819301 0.9994856406711111
0.9860000000000004 0.005250345256417487 0.9995306495968324
0.9870000000000004 0.00481139946720077 0.9995719057938428
0.9880000000000004 0.0044070228851943866 0.9996097038370892
0.9890000000000004 0.004034698008375073 0.9996443169396166
0.9900000000000004 0.003692071404137324 0.9996759983364905
0.9910000000000004 0.003376944792838588 0.9997049825942675
0.9920000000000004 0.003087266452260989 0.9997314868486107
0.9930000000000004 0.0028211229474980515 0.999755711972724
0.9940000000000004 0.0025767311886695106 0.9997778436792353
0.9950000000000004 0.002352430816971125 0.9997980535582943
0.9960000000000004 0.002146676917873549 0.9998165000545148
0.9970000000000004 0.0019580330587794046 0.9998333293854637
0.9980000000000004 0.0017851646471223408 0.9998486764043447
0.9990000000000004 0.0016268326037315794 0.9998626654094681
1.0000000000000004 0.0014818873452828144 0.9998754109031018
1.0010000000000003 0.001349263068798054 0.9998870183021532
1.0020000000000004 0.0012279723304302994 0.9998975846032018
1.0030000000000006 0.00111710091017 0.9999071990042088
1.0040000000000004 0.001015802953619568 0.9999159434852356
1.0050000000000003 0.0009232963815994376 0.9999238933504015
1.0060000000000004 0.0008388585580573543 0.9999311177332452
1.0070000000000006 0.0007618222065477134 0.9999376800675677
1.0080000000000005 0.0006915715654186719 0.9999436385257385
1.0090000000000003 0.0006275387717850919 0.9999490464264269
1.0100000000000005 0.0005692004643664339 0.9999539526135376
1.0110000000000006 0.0005160745953238775 0.9999584018081534
1.0120000000000005 0.00046771744133360636 0.9999624349351373
1.0130000000000003 0.00042372080427758663 0.9999660894259874
1.0140000000000005 0.00038370939211249946 0.9999693994994809
1.0150000000000006 0.00034733837068785757 0.9999723964215169
1.0160000000000005 0.00031429107751960127 0.9999751087455564
1.0170000000000003 0.0002842768887824928 0.9999775625349288
1.0180000000000005 0.00025702923105830474 0.999979781568245
1.0190000000000006 0.0002323037296638261 0.9999817875290392
1.0200000000000005 0.00020987648568016585 0.9999836001807848
1.0210000000000004 0.00018954247410908276 0.999985237528245
1.0220000000000005 0.00017111405589095312 0.9999867159661617
1.0230000000000006 0.0001544195968298733 0.9999880504161807
1.0240000000000005 0.00013930218678219518 0.9999892544528642
1.0250000000000004 0.0001256184527739906 0.9999903404195634
1.0260000000000005 0.00011323746001839406 0.9999913195349428
1.0270000000000006 0.00010203969510461367 0.9999922019908127
1.0280000000000005 9.191612592512137e-05 0.9999929970419342
1.0290000000000004 8.276733319535386e-05 0.9999937130884207
1.0300000000000005 7.450270870019312e-05 0.9999943577512721
1.0310000000000006 6.703971567296206e-05 0.9999949379416122
1.0320000000000005 6.030320697511247e-05 0.9999954599240717
1.0330000000000004 5.422479699784052e-05 0.9999959293748173
1.0340000000000005 4.874228345014242e-05 0.9999963514346237
1.0350000000000006 4.3799115431215556e-05 0.9999967307574057
1.0360000000000005 3.934390440844403e-05 0.9999970715545449
1.0370000000000004 3.532997493552159e-05 0.9999973776353905
1.0380000000000005 3.171495214853646e-05 0.9999976524442097
1.0390000000000006 2.8460383271158157e-05 0.9999978990939038
1.0400000000000005 2.5531390543635812e-05 0.9999981203967433
1.0410000000000004 2.289635316428173e-05 0.999998318892381
1.0420000000000005 2.0526615996696912e-05 0.9999984968733567
1.0430000000000006 1.8396222951467724e-05 0.9999986564083446
1.0440000000000005 1.648167309769203e-05 0.9999987993632574
1.0450000000000004 1.4761697697798296e-05 0.9999989274205109
1.0460000000000005 1.321705648897153e-05 0.9999990420963695
1.0470000000000006 1.1830351656467541e-05 0.9999991447569798
1.0480000000000005 1.0585858058465241e-05 0.9999992366326783
1.0490000000000004 9.469368369257492e-06 0.9999993188311007
1.0500000000000005 8.468051907800755e-06 0.9999993923490463
1.0510000000000006 7.570326012297824e-06 0.9999994580832301
1.0520000000000005 6.765738908892259e-06 0.9999995168400501
1.0530000000000004 6.044863104043003e-06 0.9999995693444081
1.0540000000000005 5.399198406025829e-06 0.9999996162477192
1.0550000000000006 4.821083751594877e-06 0.9999996581351498
1.0560000000000005 4.303617079436432e-06 0.9999996955321709
1.0570000000000004 3.8405825529420585e-06 0.9999997289104802
1.0580000000000005 3.4263844913053834e-06 0.9999997586933579
1.0590000000000006 3.0559874202729595e-06 0.9999997852605095
1.0600000000000005 2.7248617023217507e-06 0.99999980895243
1.0610000000000004 2.428934250831305e-06 0.9999998300743522
1.0620000000000005 2.1645438742158662e-06 0.9999998488998072
1.0630000000000006 1.928400834194469e-06 0.9999998656738354
1.0640000000000005 1.7175502376293547e-06 0.9999998806158763
1.0650000000000004 1.5293389138519052e-06 0.9999998939223866
1.0660000000000005 1.36138545931585e-06 0.9999999057691877
1.0670000000000006 1.211553158946682e-06 0.9999999163135784
1.0680000000000005 1.0779255188711091e-06 0.9999999256962471
1.0690000000000004 9.587841684667035e-07 0.999999934042982
1.0700000000000005 8.52588911023043e-07 0.9999999414662143
1.0710000000000006 7.579597218925282e-07 0.9999999480664102
1.0720000000000005 6.736605109646611e-07 0.9999999539333075
1.0730000000000004 5.98584482746802e-07 0.9999999591470444
1.0740000000000005 5.317409423920066e-07 0.9999999637791641
1.0750000000000006 4.7224340978890873e-07 0.9999999678935108
1.0760000000000005 4.192989164221717e-07 0.9999999715470494
1.0770000000000004 3.721983712159842e-07 0.9999999747905867
1.0780000000000005 3.3030789207738607e-07 0.9999999776694274
1.0790000000000006 2.9306100943933673e-07 0.999999980223953
1.0800000000000005 2.599516568423275e-07 0.9999999824910819
1.0810000000000004 2.305278715569466e-07 0.9999999845000873
1.0820000000000005 2.043861355019367e-07 0.9999999862823103
1.0830000000000006 1.8116629331344152e-07 0.9999999878622489
1.0840000000000005 1.605469904255981e-07 0.9999999892625342
1.0850000000000004 1.4224157948146083e-07 0.9999999905033057
1.0860000000000005 1.2599444835311366e-07 0.9999999916024831
1.0870000000000006 1.1157772755369752e-07 0.999999992576
1.0880000000000005 9.87883389117967e-08 0.99999999343803
1.0890000000000004 8.744535108657359e-08 0.9999999942011668
1.0900000000000005 7.738761086355239e-08 0.9999999948766058
1.0910000000000006 6.847162221693579e-08 0.9999999954742935
1.0920000000000005 6.056964788288773e-08 0.9999999960030634
1.0930000000000004 5.356801068524343e-08 0.9999999964707611
1.0940000000000005 4.736557411413851e-08 0.9999999968843507
1.0950000000000006 4.187238370086168e-08 0.9999999972500148
1.0960000000000005 3.7008452578528084e-08 0.9999999975732372
1.0970000000000004 3.2702676286099084e-08 0.9999999978588844
1.0980000000000005 2.8891863379294982e-08 0.9999999981112732
1.0990000000000006 2.5519869771153877e-08 0.9999999983342277
1.1000000000000005 2.253682595110791e-08 0.9999999985311415
1.1010000000000004 1.9898447337037077e-08 0.9999999987050213
1.1020000000000005 1.756541901114003e-08 0.9999999988585296
1.1030000000000006 1.550284698809538e-08 0.9999999989940263
1.1040000000000005 1.3679768972229532e-08 0.9999999991136002
1.1050000000000004 1.2068718287906717e-08 0.9999999992191039
1.1060000000000005 1.0645335321845934e-08 0.9999999993121733
1.1070000000000007 9.388021404635541e-09 0.9999999993942577
1.1080000000000005 8.277630587797626e-09 0.9999999994666414
1.1090000000000004 7.297195248135653e-09 0.9999999995304583
1.1100000000000005 6.4316818780709345e-09 0.9999999995867096
1.1110000000000007 5.667773803999951e-09 0.9999999996362847
1.1120000000000005 4.9936779187164145e-09 0.999999999679969
1.1130000000000004 4.398952822546077e-09 0.9999999997184539
1.1140000000000005 3.874356044570252e-09 0.9999999997523513
1.1150000000000007 3.4117082633660606e-09 0.9999999997822053
1.1160000000000005 3.0037726689499244e-09 0.9999999998084916
1.1170000000000004 2.6441478066908923e-09 0.9999999998316322
1.1180000000000005 2.327172422200046e-09 0.9999999998519995
1.1190000000000007 2.047840985732576e-09 0.9999999998699267
1.1200000000000006 1.8017287173687364e-09 0.9999999998856984
1.1210000000000004 1.584925061894366e-09 0.9999999998995743
1.1220000000000006 1.3939746764267097e-09 0.9999999999117453
1.1230000000000007 1.2258250958314316e-09 0.9999999999225136
1.1240000000000006 1.0777803321029967e-09 0.999999999931951
1.1250000000000004 9.47459745267881e-10 0.9999999999402474
1.1260000000000006 8.32761596031266e-10 0.9999999999475423
1.1270000000000007 7.318307552382603e-10 0.9999999999539525
1.1280000000000006 6.43030103080476e-10 0.9999999999595837
1.1290000000000004 5.64915202584075e-10 0.9999999999645328
1.1300000000000006 4.962118779270865e-10 0.9999999999688817
1.1310000000000007 4.357963691452233e-10 0.999999999972699
1.1320000000000006 3.826777713282867e-10 0.9999999999760523
1.1330000000000005 3.3598249895975295e-10 0.999999999978997
1.1340000000000006 2.949405450382565e-10 0.9999999999815828
1.1350000000000007 2.5887333042206834e-10 0.9999999999838507
1.1360000000000006 2.271829618010457e-10 0.9999999999858422
1.1370000000000005 1.993427371295403e-10 0.9999999999875908
1.1380000000000006 1.7488875552317836e-10 0.9999999999891236
1.1390000000000007 1.5341250477746495e-10 0.9999999999904675
1.1400000000000006 1.3455431402584879e-10 0.9999999999916488
1.1410000000000005 1.179975718150245e-10 0.9999999999926852
1.1420000000000006 1.034636212106867e-10 0.9999999999935909
1.1430000000000007 9.07072536141335e-11 0.9999999999943859
1.1440000000000006 7.951273190805398e-11 0.9999999999950848
1.1450000000000005 6.969028148342934e-11 0.9999999999956953
1.1460000000000006 6.107299473930302e-11 0.9999999999962308
1.1470000000000007 5.351410089230245e-11 0.9999999999967019
1.1480000000000006 4.688455847159837e-11 0.9999999999971119
1.1490000000000005 4.1070932785820013e-11 0.9999999999974726
1.1500000000000006 3.5973525001528286e-11 0.9999999999977872
1.1510000000000007 3.1504723330384383e-11 0.9999999999980643
1.1520000000000006 2.7587550239800328e-11 0.9999999999983081
1.1530000000000005 2.415438262890484e-11 0.9999999999985181
1.1540000000000006 2.11458245921279e-11 0.9999999999987026
1.1550000000000007 1.8509714765634784e-11 0.9999999999988671
1.1560000000000006 1.6200252352057746e-11 0.9999999999990081
1.1570000000000005 1.4177227777300155e-11 0.9999999999991308
1.1580000000000006 1.2405345577139166e-11 0.9999999999992413
1.1590000000000007 1.0853628565253856e-11 0.9999999999995237
1.1600000000000006 9.49489361988234e-12 0.9999999999994187
1.1610000000000005 8.305290562739105e-12 0.9999999999994926
1.1620000000000006 7.263896608194388e-12 0.9999999999995571
1.1630000000000007 6.3523597481549305e-12 0.9999999999996101
1.1640000000000006 5.554585222054759e-12 0.999999999999661
1.1650000000000005 4.856459913735756e-12 0.9999999999997031
1.1660000000000006 4.245610128369693e-12 0.9999999999997415
1.1670000000000007 3.711188742277948e-12 0.999999999999773
1.1680000000000006 3.243688194854824e-12 0.9999999999998014
1.1690000000000005 2.8347762121390887e-12 0.9999999999998275
1.1700000000000006 2.477151522402214e-12 0.999999999999849
1.1710000000000007 2.1644171512096326e-12 0.9999999999998669
1.1720000000000006 1.890969171847392e-12 0.9999999999998852
1.1730000000000005 1.6518990413172825e-12 0.9999999999998999
1.1740000000000006 1.4429078762692595e-12 0.999999999999912
1.1750000000000007 1.260231220802527e-12 0.9999999999999228
1.1760000000000006 1.1005730321433322e-12 0.9999999999999344
1.1770000000000005 9.610477635616865e-13 0.9999999999999419
1.1780000000000006 8.391295589612304e-13 0.9999999999999479
1.1790000000000007 7.326076925201541e-13 0.9999999999999565
1.1800000000000006 6.395474914866313e-13 0.9999999999999613
1.1810000000000005 5.582560724167279e-13 0.9999999999999678
1.1820000000000006 4.87252302276521e-13 0.9999999999999691
1.1830000000000007 4.25240467221992e-13 0.9999999999999738
1.1840000000000006 3.710871946795802e-13 0.999999999999978
1.1850000000000005 3.2380122959881315e-13 0.9999999999999803
1.1860000000000006 2.825157143367529e-13 0.9999999999999826
1.1870000000000007 2.464726643576714e-13 0.9999999999999848
1.1880000000000006 2.1500936949184149e-13 0.9999999999999852
1.1890000000000005 1.875464835127727e-13 0.9999999999999871
1.1900000000000006 1.635775938069791e-13 0.999999999999989
1.1910000000000007 1.426600884055316e-13 0.9999999999999907
1.1920000000000006 1.244071600450483e-13 0.9999999999999907
1.1930000000000005 1.0848080660022904e-13 0.9999999999999919
1.1940000000000006 9.458570450907883e-14 0.9999999999999937
1.1950000000000007 8.24638469844956e-14 0.9999999999999926
1.1960000000000006 7.188985212684998e-14 0.9999999999999937
1.1970000000000005 6.266685774543935e-14 0.9999999999999939
1.1980000000000006 5.462292995953793e-14 0.9999999999999956
1.1990000000000007 4.760792165577948e-14 0.9999999999999952
1.2000000000000006 4.149072478045173e-14 0.9999999999999644
1.2010000000000005 3.6156867377290294e-14 0.9999999999999681
1.2020000000000006 3.150641236162848e-14 0.9999999999999976
1.2030000000000007 2.7452120354043314e-14 0.9999999999999961
1.2040000000000006 2.3917843572448065e-14 0.9999999999999976
1.2050000000000005 2.0837121880920894e-14 0.9999999999999977
1.2060000000000006 1.8151955687132876e-14 0.9999999999999983
1.2070000000000007 1.581173352987723e-14 0.9999999999999976
1.2080000000000006 1.3772294958435229e-14 0.999999999999999
1.2090000000000005 1.1995111724095243e-14 0.9999999999999996
1.2100000000000006 1.0446572423076246e-14 0.999999999999998
1.2110000000000007 9.09735758625653e-15 0.999999999999999
1.2120000000000006 7.921893836856919e-15 0.999999999999999
1.2130000000000005 6.897877160952792e-15 0.9999999999999989
1.2140000000000006 6.005856582358899e-15 0.9999999999999982
1.2150000000000007 5.22887062489326e-15 0.999999999999999
1.2160000000000006 4.552129900490484e-15 0.9999999999999992
1.2170000000000005 3.962739997944276e-15 0.9999999999999989
1.2180000000000006 3.4494595789657595e-15 0.9999999999999982
1.2190000000000007 3.0024892287036346e-15 0.9999999999999994
1.2200000000000006 2.6132871682507877e-15 0.9999999999999996
1.2210000000000005 2.2744084268975896e-15 0.9999999999999977
1.2220000000000006 1.979364500719983e-15 0.999999999999998
1.2230000000000008 1.722500899154611e-15 0.9999999999999989
1.2240000000000006 1.4988903092145818e-15 0.9999999999999977
1.2250000000000005 1.304239393813392e-15 0.9999999999999989
1.2260000000000006 1.1348074914255358e-15 0.9999999999999992
1.2270000000000008 9.873357035352852e-16 0.9999999999999983
1.2280000000000006 8.589850479489946e-16 0.9999999999999991
1.2290000000000005 7.472825235294778e-16 0.9999999999999989
1.2300000000000006 6.500740782775459e-16 0.999999999999999
1.2310000000000008 5.654836005826893e-16 0.999999999999999
1.2320000000000007 4.918771652130816e-16 0.9999999999999983
1.2330000000000005 4.2783186324117836e-16 0.9999999999999988
1.2340000000000007 3.721086303805941e-16 0.9999999999999981
1.2350000000000008 3.2362856269786767e-16 0.9999999999999989
1.2360000000000007 2.8145227371595094e-16 0.999999999999999
1.2370000000000005 2.4476190373580323e-16 0.9999999999999991
1.2380000000000007 2.128454418063471e-16 0.9999999999999987
1.2390000000000008 1.850830640818826e-16 0.9999999999999988
1.2400000000000007 1.6093523011465603e-16 0.999999999999999
1.2410000000000005 1.3993231163362076e-16 0.999999999999999
1.2420000000000007 1.216655571671776e-16 0.9999999999999997
1.2430000000000008 1.0577922100798097e-16 0.9999999999999997
1.2440000000000007 9.196370695748234e-17 0.999999999999999
1.2450000000000006 7.994959643150365e-17 0.999999999999999
1.2460000000000007 6.950244721122235e-17 0.999999999999998
1.2470000000000008 6.041826369576693e-17 0.9999999999999982
1.2480000000000007 5.251955222446078e-17 0.9999999999999987
1.2490000000000006 4.5651886124703545e-17 0.9999999999999963
1.2500000000000007 3.9680914812222274e-17 0.999999999999997
1.2510000000000008 3.4489759704429116e-17 0.999999999999998
1.2520000000000007 2.9976747062337334e-17 0.9999999999999988
1.2530000000000006 2.605343428953629e-17 0.9999999999999997
1.2540000000000007 2.2642891808190735e-17 0.9999999999999983
1.2550000000000008 1.9678207506731386e-17 0.9999999999999986
1.2560000000000007 1.710118500343481e-17 0.9999999999999989
1.2570000000000006 1.4861210674290603e-17 0.9999999999999986
1.2580000000000007 1.2914267622156332e-17 0.9999999999999994
1.2590000000000008 1.1222077578036292e-17 0.999999999999998
1.2600000000000007 9.75135417751721e-18 0.9999999999999983
1.2610000000000006 8.47315319223002e-18 0.999999999999999
1.2620000000000007 7.362307158124578e-18 0.9999999999999992
1.2630000000000008 6.396933464566094e-18 0.9999999999999983
1.2640000000000007 5.558006381578087e-18 0.9999999999999991
1.2650000000000006 4.828984733747431e-18 0.9999999999999989
1.2660000000000007 4.195488001782921e-18 0.9999999999999988
1.2670000000000008 3.645014566868332e-18 0.9999999999999989
1.2680000000000007 3.166696626558289e-18 0.9999999999999986
1.2690000000000006 2.7510870195455467e-18 0.9999999999999991
1.2700000000000007 2.3899738136809846e-18 0.9999999999999999
1.2710000000000008 2.0762190489581173e-18 0.9999999999999981
1.2720000000000007 1.80361849503303e-18 0.9999999999999987
1.2730000000000006 1.5667796902148845e-18 0.9999999999999999
1.2740000000000007 1.361015883510432e-18 0.9999999999999987
1.2750000000000008 1.1822538100537456e-18 0.9999999999999981
1.2760000000000007 1.0269534990201866e-18 0.9999999999999993
1.2770000000000006 8.920385470736704e-19 0.9999999999999983
1.2780000000000007 7.74835494026629e-19 0.9999999999999987
1.2790000000000008 6.730211146231359e-19 0.999999999999998
1.2800000000000007 5.845765945988802e-19 0.9999999999999982
1.2810000000000006 5.077476934038419e-19 0.9999999999999988
1.2820000000000007 4.410101127809136e-19 0.9999999999999994
1.2830000000000008 3.8303939203514675e-19 0.9999999999999989
1.2840000000000007 3.3268473926668914e-19 0.9999999999999992
1.2850000000000006 2.889462847875819e-19 0.9999999999999992
1.2860000000000007 2.509553098871793e-19 0.9999999999999988
1.2870000000000008 2.179570623508977e-19 0.9999999999999996
1.2880000000000007 1.8929582080076222e-19 0.9999999999999983
1.2890000000000006 1.644019139985907e-19 0.999999999999999
1.2900000000000007 1.4278043958727854e-19 0.9999999999999992
1.2910000000000008 1.2400146008961555e-19 0.9999999999999996
1.2920000000000007 1.0769148298468057e-19 0.9999999999999994
1.2930000000000006 9.352605690421897e-20 0.9999999999999989
1.2940000000000007 8.122333792647722e-20 0.9999999999999987
1.2950000000000008 7.053849902025145e-20 0.9999999999999992
1.2960000000000007 6.125887227987607e-20 0.9999999999999991
1.2970000000000006 5.3199728015811103e-20 0.9999999999999993
1.2980000000000007 4.620060730740158e-20 0.9999999999999992
1.2990000000000008 4.0122135529338365e-20 0.9999999999999989
1.3000000000000007 3.484325384450063e-20 0.9999999999999989
1.3010000000000006 3.025881389898257e-20 0.9999999999999996
1.3020000000000007 2.6277488121312773e-20 0.9999999999999993
1.3030000000000008 2.2819954257818637e-20 0.9999999999999991
1.3040000000000007 1.9817318191791822e-20 0.9999999999999986
1.3050000000000006 1.720974380178993e-20 0.9999999999999988
1.3060000000000007 1.4945262706594e-20 0.9999999999999991
1.3070000000000008 1.2978740301203846e-20 0.9999999999999984
1.3080000000000007 1.12709775798647e-20 0.999999999999999
1.3090000000000006 9.787930929164493e-21 0.9999999999999982
1.3100000000000007 8.500034409589082e-21 0.9999999999999987
1.3110000000000008 7.381611073552532e-21 0.9999999999999986
1.3120000000000007 6.410361631787175e-21 0.9999999999999987
1.3130000000000006 5.566920312839911e-21 0.9999999999999993
1.3140000000000007 4.834469092475819e-21 0.9999999999999999
1.3150000000000008 4.19840262732335e-21 0.9999999999999989
1.3160000000000007 3.6460372329315224e-21 0.9999999999999993
1.3170000000000006 3.1663581204068105e-21 0.9999999999999994
1.3180000000000007 2.7497998652225316e-21 0.9999999999999983
1.3190000000000008 2.3880557416264944e-21 0.9999999999999983
1.3200000000000007 2.073912129384943e-21 0.9999999999999997
1.3210000000000006 1.8011046977030335e-21 0.999999999999999
1.3220000000000007 1.564193503921457e-21 0.9999999999999993
1.3230000000000008 1.3584545205626735e-21 0.9999999999999984
1.3240000000000007 1.1797854309317232e-21 0.9999999999999991
1.3250000000000006 1.0246238172386548e-21 0.9999999999999989
1.3260000000000007 8.898761117194187e-22 0.999999999999999
1.3270000000000008 7.728558953727872e-22 0.9999999999999996
1.3280000000000007 6.712303149574784e-22 0.999999999999999
1.3290000000000006 5.829735504839085e-22 0.9999999999999987
1.3300000000000007 5.063264058024847e-22 0.9999999999999984
1.3310000000000008 4.397612168171765e-22 0.9999999999999998
1.3320000000000007 3.8195137776034186e-22 0.9999999999999993
1.3330000000000006 3.31744877955987e-22 0.9999999999999996
1.3340000000000007 2.8814132140017484e-22 0.9999999999999993
1.3350000000000009 2.502719708869752e-22 0.9999999999999991
1.3360000000000007 2.173824186860353e-22 0.9999999999999997
1.3370000000000006 1.888175381306845e-22 0.9999999999999983
1.3380000000000007 1.6400841594566643e-22 0.9999999999999982
1.3390000000000009 1.424610046345604e-22 1.0000000000000002
1.3400000000000007 1.237462685447996e-22 0.999999999999998
1.3410000000000006 1.0749162701569424e-22 0.9999999999999998
1.3420000000000007 9.337352388406226e-23 0.9999999999999986
1.3430000000000009 8.111097508885009e-23 0.9999999999999981
1.3440000000000007 7.045996562719645e-23 0.9999999999999993
1.3450000000000006 6.12085840588349e-23 0.999999999999999
1.3460000000000008 5.317279747066461e-23 0.9999999999999996
1.3470000000000009 4.619278259212137e-23 0.9999999999999999
1.3480000000000008 4.0129739849327676e-23 0.999999999999999
1.3490000000000006 3.486312678295385e-23 0.999999999999998
1.3500000000000008 3.0288255623453695e-23 0.9999999999999984
1.3510000000000009 2.631420708462631e-23 0.9999999999999994
1.3520000000000008 2.2862018747287953e-23 0.9999999999999977
1.3530000000000006 1.9863111885004647e-23 0.9999999999999993
1.3540000000000008 1.7257925342659918e-23 0.9999999999999993
1.3550000000000009 1.4994729211030698e-23 0.9999999999999981
1.3560000000000008 1.3028594628930735e-23 0.9999999999999998
1.3570000000000007 1.1320499160543888e-23 0.9999999999999966
1.3580000000000008 9.836549901339527e-24 0.9999999999999984
1.3590000000000009 8.547308815552749e-24 1.0
1.3600000000000008 7.427206848461163e-24 0.9999999999999967
1.3610000000000007 6.454035128318053e-24 0.9999999999999981
1.3620000000000008 5.608503111191159e-24 0.9999999999999992
1.3630000000000009 4.873854857780922e-24 0.9999999999999979
1.3640000000000008 4.235535791254956e-24 0.999999999999999
1.3650000000000007 3.6809032923648314e-24 1.0
1.3660000000000008 3.198975362724202e-24 0.9999999999999987
1.3670000000000009 2.7802123465896632e-24 0.9999999999999987
1.3680000000000008 2.4163273609458555e-24 1.0000000000000002
1.3690000000000007 2.10012165633821e-24 0.9999999999999973
1.3700000000000008 1.8253416281398117e-24 0.9999999999999989
1.3710000000000009 1.5865546297100432e-24 1.0000000000000004
1.3720000000000008 1.3790411138352793e-24 0.9999999999999976
1.3730000000000007 1.1987009544063558e-24 0.9999999999999981
1.3740000000000008 1.0419720829929577e-24 0.9999999999999992
1.3750000000000009 9.05759820460471e-25 0.999999999999998
1.3760000000000008 7.873754969439753e-25 0.9999999999999989
1.3770000000000007 6.844831386013592e-25 0.9999999999999986
1.3780000000000008 5.95053160305973e-25 0.9999999999999993
1.379000000000001 5.1732214302021535e-25 0.9999999999999992
1.3800000000000008 4.497578957995713e-25 0.9999999999999983
1.3810000000000007 3.9102910763049173e-25 0.9999999999999969
1.3820000000000008 3.399789857064862e-25 0.9999999999999989
1.383000000000001 2.95602356118229e-25 0.9999999999999988
1.3840000000000008 2.5702577185949857e-25 0.9999999999999984
1.3850000000000007 2.234902329060463e-25 1.0000000000000022
1.3860000000000008 1.9433617510399987e-25 1.0000000000000013
1.387000000000001 1.6899042974352333e-25 1.0000000000000004
1.3880000000000008 1.4695489489433885e-25 1.0000000000000027
1.3890000000000007 1.2779669362241958e-25 1.0000000000000002
1.3900000000000008 1.1113962377192685e-25 1.000000000000003
1.391000000000001 9.665672967166277e-26 1.000000000000003
1.3920000000000008 8.40638484234334e-26 1.000000000000001
1.3930000000000007 7.311400279508314e-26 1.0000000000000009
1.3940000000000008 6.359252955947474e-26 1.0000000000000013
1.395000000000001 5.531284672724935e-26 1.000000000000002
1.3960000000000008 4.811277580737663e-26 1.0000000000000022
1.3970000000000007 4.185134624748184e-26 1.0000000000000024
1.3980000000000008 3.6406018775403274e-26 1.0000000000000033
1.399000000000001 3.167027267493624e-26 1.0000000000000042
1.4000000000000008 2.7551509247623185e-26 1.000000000000006
1.4010000000000007 2.396922998268022e-26 1.0000000000000058
1.4020000000000008 2.0853453403197202e-26 1.0000000000000078
1.403000000000001 1.8143339287240117e-26 1.0000000000000093
1.4040000000000008 1.5785993071382753e-26 1.0000000000000109
1.4050000000000007 1.3735426813285504e-26 1.000000000000014
1.4060000000000008 1.1951656190165045e-26 1.0000000000000153
1.407000000000001 1.0399915703013864e-26 1.0000000000000173
1.4080000000000008 9.049976595770757e-27 1.000000000000022
1.4090000000000007 7.87555403075275e-27 1.000000000000025
1.4100000000000008 6.853791826993101e-27 1.0000000000000282
1.411000000000001 5.964814601649098e-27 1.0000000000000349
1.4120000000000008 5.191338486889892e-27 1.0000000000000395
1.4130000000000007 4.518332752045473e-27 1.0000000000000449
1.4140000000000008 3.932725666280521e-27 1.0000000000000526
1.415000000000001 3.423148810599721e-27 1.000000000000062
1.4160000000000008 2.9797148069226492e-27 1.000000000000071
1.4170000000000007 2.593824091346661e-27 1.000000000000083
1.4180000000000008 2.257996931593718e-27 1.000000000000094
1.419000000000001 1.965727386396847e-27 1.0000000000001086
1.4200000000000008 1.7113563370647113e-27 1.0000000000001257
1.4210000000000007 1.4899610972430946e-27 1.0000000000001426
1.4220000000000008 1.297259433416855e-27 1.0000000000001652
1.423000000000001 1.1295261124151797e-27 1.0000000000001872
1.4240000000000008 9.835203387281416e-28 1.000000000000213
1.4250000000000007 8.564226586798287e-28 1.0000000000002445
1.4260000000000008 7.457800946737289e-28 1.0000000000002793
1.427000000000001 6.494584345107826e-28 1.0000000000003189
1.4280000000000008 5.656007413781122e-28 1.000000000000367
1.4290000000000007 4.9259127229112345e-28 1.0000000000004183
1.4300000000000008 4.290240989621938e-28 1.000000000000474
1.431000000000001 3.7367581735731045e-28 1.0000000000005378
1.4320000000000008 3.254818124124162e-28 1.0000000000006113
1.4330000000000007 2.835156140959219e-28 1.0000000000006888
1.4340000000000008 2.469709415969335e-28 1.0000000000007792
1.435000000000001 2.1514608508612953e-28 1.000000000000881
1.4360000000000008 1.874303202751372e-28 1.0000000000009912
1.4370000000000007 1.6329209079324834e-28 1.0000000000011164
1.4380000000000008 1.422687279909247e-28 1.0000000000012559
1.439000000000001 1.239575078480647e-28 1.0000000000014089
1.4400000000000008 1.0800787080477464e-28 1.000000000001581
1.4410000000000007 9.411465305579076e-29 1.00000000000177
1.4420000000000008 8.201219760516668e-29 1.0000000000019797
1.443000000000001 7.146923055245101e-29 1.000000000002211
1.4440000000000008 6.228440301368844e-29 1.0000000000024658
1.4450000000000007 5.428241206308216e-29 1.0000000000027451
1.4460000000000008 4.7310625368785485e-29 1.000000000003054
1.447000000000001 4.12361440109521e-29 1.0000000000033917
1.4480000000000008 3.5943246504085446e-29 1.0000000000037592
1.4490000000000007 3.133116446634844e-29 1.000000000004164
1.4500000000000008 2.7312146831255703e-29 1.0000000000046039
1.451000000000001 2.3809775108473352e-29 1.0000000000050817
1.4520000000000008 2.0757497080123567e-29 1.000000000005602
1.4530000000000007 1.8097350562718523e-29 1.0000000000061642
1.4540000000000008 1.5778852555449468e-29 1.000000000006773
1.455000000000001 1.3758032305308938e-29 1.0000000000074298
1.4560000000000008 1.1996589611233324e-29 1.0000000000081357
1.4570000000000007 1.0461162117506888e-29 1.000000000008893
1.4580000000000009 9.122687458636598e-30 1.0000000000097056
1.459000000000001 7.955847954916787e-30 1.0000000000105729
1.4600000000000009 6.938587155844403e-30 1.0000000000114961
1.4610000000000007 6.051688918571395e-30 1.0000000000124762
1.4620000000000009 5.2784109177785545e-30 1.0000000000135116
1.463000000000001 4.604165535287385e-30 1.0000000000146034
1.4640000000000009 4.016241992886471e-30 1.0000000000157563
1.4650000000000007 3.503564388039835e-30 1.0000000000169578
1.4660000000000009 3.0564809848580404e-30 1.00000000001821
1.467000000000001 2.666580715417323e-30 1.00000000001951
1.4680000000000009 2.3265333709331154e-30 1.0000000000208489
1.4690000000000007 2.0299504185970675e-30 1.000000000022224
1.4700000000000009 1.771263776951931e-30 1.0000000000236242
1.471000000000001 1.5456202281982454e-30 1.000000000025039
1.4720000000000009 1.3487894465067238e-30 1.0000000000264582
1.4730000000000008 1.1770838830810635e-30 0.9999999999999987
1.4740000000000009 1.0272889764447184e-30 0.9999999999999982
1.475000000000001 8.966023546204153e-31 0.9999999999999991
1.4760000000000009 7.825808683758443e-31 0.9999999999999989
1.4770000000000008 6.83094444850812e-31 0.9999999999999992
1.4780000000000009 5.9628588157175706e-31 0.9999999999999981
1.479000000000001 5.205358146167483e-31 0.9999999999999983
1.4800000000000009 4.544321937207826e-31 0.9999999999999988
1.4810000000000008 3.967436833149489e-31 0.9999999999999987
1.4820000000000009 3.463964835398059e-31 0.9999999999999992
1.483000000000001 3.0245413060649327e-31 0.9999999999999984
1.4840000000000009 2.6409989276183053e-31 0.9999999999999982
1.4850000000000008 2.306214276381362e-31 0.9999999999999992
1.4860000000000009 2.0139740988983887e-31 0.9999999999999984
1.487000000000001 1.7588587556544583e-31 0.9999999999999987
1.4880000000000009 1.5361406235871334e-31 0.9999999999999989
1.4890000000000008 1.3416955335283123e-31 0.999999999999999
1.4900000000000009 1.1719255666514497e-31 0.9999999999999989
1.491000000000001 1.0236917499156838e-31 0.9999999999999994
1.4920000000000009 8.942553785443269e-32 0.9999999999999991
1.4930000000000008 7.812268573528407e-32 0.9999999999999996
1.4940000000000009 6.825210953897275e-32 0.9999999999999989
1.495000000000001 5.963186126019423e-32 0.9999999999999991
1.4960000000000009 5.210316254641387e-32 0.9999999999999991
1.4970000000000008 4.5527447278913527e-32 0.9999999999999997
1.4980000000000009 3.9783782506262713e-32 0.9999999999999992
1.499000000000001 3.476661921935118e-32 0.9999999999999984
1.5000000000000009 3.0383830690156244e-32 0.9999999999999993
