D prob percentile
0.51 8.458092514370024e-43 1.1623485432639651e-45
0.52 2.6973889189247092e-40 3.969624701380859e-43
0.53 5.865859071536196e-38 9.235322119654907e-41
0.54 8.965884220643282e-36 1.5087417929923832e-38
0.55 9.900286161616057e-34 1.778984701693948e-36
0.56 8.096797992782237e-32 1.5522306955981224e-34
0.5700000000000001 5.016767764209035e-30 1.0252167528869543e-32
0.5800000000000001 2.40399872048998e-28 5.232618305492532e-31
0.5900000000000001 9.078413839537297e-27 2.1030331716550765e-29
0.6000000000000001 2.748585982857902e-25 6.7712426132032865e-28
0.6100000000000001 6.777253359731182e-24 1.7742718786856653e-26
0.6200000000000001 1.3806735081914016e-22 3.8385021094085355e-25
0.6300000000000001 2.354785347214377e-21 6.947609005652027e-24
0.6400000000000001 3.403274712654516e-20 1.064914423203265e-22
0.6500000000000001 4.214700649339602e-19 1.3978145011810261e-21
0.6600000000000001 4.518717055349473e-18 1.587468508658311e-20
0.6700000000000002 4.2339738879427335e-17 1.5746990545220544e-19
0.6800000000000002 3.497475371273674e-16 1.3763394197108567e-18
0.6900000000000002 2.5676437424443993e-15 1.0685593816521721e-17
0.7000000000000002 1.6878172090505356e-14 7.42442705310879e-17
0.7100000000000002 1.0002838205988722e-13 4.648617638783639e-16
0.7200000000000002 5.37904624410092e-13 2.639774311045229e-15
0.7300000000000002 2.6402650466296166e-12 1.367653475954975e-14
0.7400000000000002 1.1894380958464566e-11 6.500569968490794e-14
0.7500000000000002 4.9432338966326444e-11 2.849203683346826e-13
0.7600000000000002 1.9042469887213577e-10 1.1570909587979588e-12
0.7700000000000002 6.829727739907924e-10 4.3733663976919075e-12
0.7800000000000002 2.2900526083729963e-09 1.5447903908079268e-11
0.7900000000000003 7.206469288678747e-09 5.119275039315416e-11
0.8000000000000003 2.1359752036428933e-08 1.597352558186273e-10
0.8100000000000003 5.983084350096857e-08 4.708815142860879e-10
0.8200000000000003 1.5888133736728662e-07 1.315560815379203e-09
0.8300000000000003 4.011577211431883e-07 3.4936585262557355e-09
0.8400000000000003 9.65708854324258e-07 8.843425004462183e-09
0.8500000000000003 2.2222092228428e-06 2.139221757445321e-08
0.8600000000000003 4.899822294900275e-06 4.957253141934877e-08
0.8700000000000003 1.0375677545736818e-05 1.102976054220315e-07
0.8800000000000003 2.114546328641538e-05 2.3613486805590967e-07
0.8900000000000003 4.155759323395172e-05 4.87412257258308e-07
0.9000000000000004 7.890994873727106e-05 9.718429801830637e-07
0.9100000000000004 0.00014502022379299509 1.8751307075954552e-06
0.9200000000000004 0.00025838237144150736 3.506953019001693e-06
0.9300000000000004 0.0004470073107472788 6.3676074429722764e-06
0.9400000000000004 0.0007520114384160024 1.1241289686550423e-05
0.9500000000000004 0.0012319590892333416 1.9322278999062354e-05
0.9600000000000004 0.0019678854287801767 3.2380040470658093e-05
0.9700000000000004 0.003068828622375595 5.296824963777316e-05
0.9800000000000004 0.004677592693087281 8.468088300478353e-05
0.9900000000000004 0.0069763567916204475 0.00013245576371773225
1.0000000000000004 0.010191656276910967 0.00020292237469056145
1.0100000000000005 0.014598199979759748 0.0003047865376693622
1.0200000000000005 0.020520968494045846 0.00044924000148974637
1.0300000000000005 0.028335068839530925 0.0006503784687910729
1.0400000000000005 0.03846290471320061 0.0009256075504225406
1.0500000000000005 0.051368356142529235 0.0012960130066028387
1.0600000000000005 0.06754783904986529 0.0017866698024092509
1.0700000000000005 0.08751832028621263 0.002426864267592791
1.0800000000000005 0.11180257976787233 0.003250205172160229
1.0900000000000005 0.14091221952838992 0.004294602822974457
1.1000000000000005 0.17532910139741334 0.005602100209992725
1.1100000000000005 0.21548603477851166 0.007218546497627255
1.1200000000000006 0.2617476218740008 0.009193110365631597
1.1300000000000006 0.3143921930857744 0.011577638376841807
1.1400000000000006 0.3735957291126078 0.014425871175992885
1.1500000000000006 0.43941857264635975 0.017792537407823203
1.1600000000000006 0.5117955902278927 0.021732351340899188
1.1700000000000006 0.5905302658021911 0.026298944940085105
1.1800000000000006 0.6752930058584681 0.031543768298455385
1.1900000000000006 0.7656237264150377 0.037514993791877324
1.2000000000000006 0.8609385885046696 0.044256459049228536
1.2100000000000006 0.9605405635084737 0.05180668194058846
1.2200000000000006 1.0636333524674342 0.06019797746901934
1.2300000000000006 1.1693380612382418 0.06945570197223569
1.2400000000000007 1.2767119498626311 0.07959764470635892
1.2500000000000007 1.3847685306690694 0.09063358102213304
1.2600000000000007 1.4924982837225096 0.10256499527781193
1.2700000000000007 1.5988892864871493 0.11538497566262927
1.2800000000000007 1.702947111643116 0.12907827749243658
1.2900000000000007 1.8037134266258852 0.1436215464980052
1.3000000000000007 1.9002828239611744 0.15898368931642257
1.3100000000000007 1.9918175162507523 0.17512637492075858
1.3200000000000007 2.0775596375965533 0.1920046481340351
1.3300000000000007 2.1568409989545727 0.20956763467363515
1.3400000000000007 2.229090243947197 0.22775931632409926
1.3500000000000008 2.293837440620281 0.24651935476959183
1.3600000000000008 2.350716221133593 0.2657839432380466
1.3700000000000008 2.399463644023889 0.28548666630738984
1.3800000000000008 2.4399180019610713 0.30555934988268163
1.3900000000000008 2.4720148320551427 0.3259328853528583
1.4000000000000008 2.4957814065864063 0.3465380141626973
1.4100000000000008 2.511329990788063 0.36730606138421174
1.4200000000000008 2.5188501525723166 0.38816960924820626
1.4300000000000008 2.5186003985884975 0.40906310392126444
1.4400000000000008 2.5108993935204764 0.4299233910207214
1.4500000000000008 2.4961169968184236 0.450690177399592
1.4600000000000009 2.474665324757714 0.4713064185685383
1.4700000000000009 2.44699001730739 0.4917186327292228
1.4800000000000009 2.4135618600635254 0.5118771437608469
1.4900000000000009 2.3748688825437427 0.5317362566271729
1.5000000000000009 2.3314090263227367 0.5512543695608633
1.510000000000001 2.2836834504854133 0.5703940280479609
1.520000000000001 2.232190518167311 0.5891219260948933
1.530000000000001 2.177420486853554 0.60740886053403
1.540000000000001 2.1198509067843267 0.6252296442338923
1.550000000000001 2.0599427163098034 0.6425629840499337
1.560000000000001 1.998137010294118 0.6593913292047608
1.570000000000001 1.9348524475531228 0.6757006955440514
1.580000000000001 1.8704832556345805 0.6914804708003026
1.590000000000001 1.8053977857839967 0.7067232056249216
1.600000000000001 1.739937567433784 0.7214243947437026
1.610000000000001 1.6744168097482792 0.7355822521612971
1.620000000000001 1.6091222973925854 0.7491974839029572
1.630000000000001 1.5443136285198997 0.7622730613463423
1.640000000000001 1.4802237447549778 0.7748139977717008
1.650000000000001 1.417059705475224 0.7868271303522598
1.660000000000001 1.3550036617623735 0.7983209094235013
1.670000000000001 1.2942139888460709 0.8093051965139998
1.680000000000001 1.234826539539506 0.8197910722941293
1.690000000000001 1.1769559849518205 0.8297906553036174
1.700000000000001 1.1206972125501964 0.839316932055055
1.710000000000001 1.0661267553532932 0.8483835988777326
1.720000000000001 1.01330422960286 0.8570049156636431
1.730000000000001 0.9622737616329531 0.8651955715037648
1.740000000000001 0.913065387802253 0.8729705620560354
1.750000000000001 0.8656964142516205 0.8803450783648304
1.7600000000000011 0.8201727258841033 0.8873344067530661
1.7700000000000011 0.7764900363339404 0.8939538393301381
1.7800000000000011 0.734635072797355 0.900218594599532
1.7900000000000011 0.6945866914488575 0.9061437476069765
1.8000000000000012 0.6563169207742175 0.911744169041398
1.8100000000000012 0.6197919315298887 0.9170344726846013
1.8200000000000012 0.5849729332049156 0.9220289705999488
1.8300000000000012 0.5518169978330563 0.9267416354534888
1.8400000000000012 0.5202778127980661 0.9311860693712154
1.8500000000000012 0.49030636491214363 0.9353754787527648
1.8600000000000012 0.4618515585439543 0.9393226544827615
1.8700000000000012 0.43486077094575265 0.9430399570057052
1.8800000000000012 0.4092803481947194 0.946539305757615
1.8900000000000012 0.3850560453369996 0.9498321724767059
1.9000000000000012 0.36213341441764196 0.9529295779455941
1.9100000000000013 0.34045814410852626 0.9558420917482467
1.9200000000000013 0.31997635462062635 0.9585798346555708
1.9300000000000013 0.3006348515168605 0.961152483283873
1.9400000000000013 0.28238134193626224 0.9635692766999905
1.9500000000000013 0.26516461660717067 0.9658390246754576
1.9600000000000013 0.24893470087348724 0.9679701173194832
1.9700000000000013 0.23364297778958745 0.9699705358465431
1.9800000000000013 0.2192422861613456 0.9718478642590058
1.9900000000000013 0.205686996227061 0.973609301748312
2.0000000000000013 0.19293306548650896 0.9752616756398075
2.0100000000000016 0.18093807700162096 0.9768114547263422
2.0200000000000014 0.16966126231095224 0.978264762854296
2.030000000000001 0.15906351092377383 0.9796273926426792
2.0400000000000014 0.14910736818993153 0.9809048192315921
2.0500000000000016 0.13975702317948593 0.9821022139705117
2.0600000000000014 0.13097828805240042 0.983224457969811
2.070000000000001 0.12273857025367188 0.9842761554505522
2.0800000000000014 0.11500683873354167 0.9852616468381457
2.0900000000000016 0.10775358526590186 0.9861850215548215
2.1000000000000014 0.10095078182067935 0.987050130474339
2.110000000000001 0.09457183483763718 0.9878605980097734
2.1200000000000014 0.0885915371494584 0.9886198338118547
2.1300000000000017 0.08298601821079382 0.98933104406115
2.1400000000000015 0.07773269320683113 0.9899972423424676
2.1500000000000012 0.07281021153941114 0.9906212600943166
2.1600000000000015 0.06819840512037624 0.9912057566300653
2.1700000000000017 0.06387823684019674 0.9917532287307955
2.1800000000000015 0.05983174952455432 0.9922660198126109
2.1900000000000013 0.05604201564199952 0.9927463286735876
2.2000000000000015 0.05249308798160363 0.9931962178275257
2.2100000000000017 0.0491699514802555 0.9936176214333182
2.2200000000000015 0.0460584763445121 0.9940123528300909
2.2300000000000013 0.04314537258129477 0.9943821116893508
2.2400000000000015 0.040418146024855744 0.9947284907961995
2.2500000000000018 0.03786505592398379 0.9950529824723032
2.2600000000000016 0.0354750741330267 0.9953569846537541
2.2700000000000014 0.0332378459327001 0.9956418066372411
2.2800000000000016 0.031143652491519774 0.9959086745080998
2.290000000000002 0.02918337496579615 0.9961587362638501
2.3000000000000016 0.027348460225207847 0.9963930666467585
2.3100000000000014 0.025630888181823616 0.9966126716988307
2.3200000000000016 0.02402314069285348 0.9968184930523958
2.330000000000002 0.022518172001198142 0.9970114119692098
2.3400000000000016 0.02110938067287757 0.9971922531406467
2.3500000000000014 0.019790582986488097 0.9973617882612169
2.3600000000000017 0.018555987726837943 0.9975207393872605
2.370000000000002 0.017400172332718115 0.9976697820922394
2.3800000000000017 0.01631806034726777 0.9978095484296712
2.3900000000000015 0.01530490011849941 0.9979406297142598
2.4000000000000017 0.014356244697162278 0.998063579131398
2.410000000000002 0.013467932879175477 0.9981789141847387
2.4200000000000017 0.012636071340276344 0.9982871189911103
2.4300000000000015 0.011857017811255111 0.9983886464316252
2.4400000000000017 0.011127365243118173 0.9984839201673957
2.450000000000002 0.010443926912702095 0.9985733365278626
2.4600000000000017 0.009803722420603966 0.9986572662793322
2.4700000000000015 0.009203964534762512 0.9987360562809358
2.4800000000000018 0.008642046834593946 0.9988100310348242
2.490000000000002 0.008115532112222138 0.9988794941370687
2.5000000000000018 0.007622141489027654 0.9989447296353585
2.5100000000000016 0.007159744207451556 0.9990060032992748
2.5200000000000014 0.0067263480597112004 0.9990635638085593
2.530000000000002 0.006320090416802829 0.9991176438645434
2.540000000000002 0.0059392298228676905 0.9991684612295249
2.5500000000000016 0.005582138121673728 0.9992162196986765
2.5600000000000014 0.005247293083608963 0.9992611100087498
2.570000000000002 0.00493327150318292 0.999303310687609
2.580000000000002 0.004638742738590493 0.9993429888483658
2.5900000000000016 0.004362462666399272 0.9993803009316844
2.6000000000000014 0.004103268025877278 0.9994153933995795
2.610000000000002 0.003860071128877807 0.9994484033838463
2.620000000000002 0.0036318549125436968 0.9994794592920512
2.6300000000000017 0.0034176683133810147 0.9995086813738414
2.6400000000000015 0.00321662194248512 0.9995361822501603
2.650000000000002 0.003027884042876123 0.9995620674077649
2.660000000000002 0.002850676711021485 0.9995864356613466
2.6700000000000017 0.0026842723656878894 0.9996093795853318
2.6800000000000015 0.0025279904482763374 0.9996309859173483
2.690000000000002 0.0023811943397533267 0.9996513359353374
2.700000000000002 0.0022432884801999488 0.9996705058097923
2.7100000000000017 0.0021137156778603 0.9996885669330289
2.7200000000000015 0.001991954595383694 0.9997055862268265
2.730000000000002 0.0018775174017221453 0.9997216264299261
2.740000000000002 0.0017699475788688958 0.9997367463667101
2.7500000000000018 0.0016688178733059863 0.9997510011982897
2.7600000000000016 0.0015737283826718637 0.9997644426571819
2.7700000000000022 0.0014843047687648416 0.9997771192666399
2.780000000000002 0.0014001965885671896 0.9997890765456643
2.790000000000002 0.0013210757355095123 0.9998003572006291
2.8000000000000016 0.001246634983697549 0.9998110013044209
2.8100000000000023 0.0011765866282949392 0.9998210464639006
2.820000000000002 0.0011106612156983713 0.9998305279764713
2.830000000000002 0.0010486063575563256 0.9998394789764654
2.8400000000000016 0.0009901856230721008 0.9998479305720234
2.8500000000000023 0.0009351775043961914 0.9998559119730938
2.860000000000002 0.0008833744502547967 0.9998634506111391
2.870000000000002 0.0008345819632809836 0.9998705722510963
2.8800000000000017 0.0007886177568145316 0.9998773010960954
2.8900000000000023 0.0007453109672164466 0.9998836598854262
2.900000000000002 0.0007045014180063244 0.9998896699861813
2.910000000000002 0.0006660389323756108 0.9998953514790061
2.9200000000000017 0.0006297826908591622 0.9999007232383347
2.9300000000000024 0.0005956006311614381 0.9999058030074721
2.940000000000002 0.0005633688873338819 0.9999106074688704
2.950000000000002 0.0005329712656869829 0.9999151523099032
2.9600000000000017 0.0005042987549952211 0.9999194522844393
2.9700000000000024 0.00047724906871608063 0.9999235212704884
2.980000000000002 0.0004517262170968258 0.9999273723241767
2.990000000000002 0.00042764010718471755 0.9999310177302894
3.0000000000000018 0.00040490616888928213 0.9999344690496047
3.0100000000000025 0.0003834450053690689 0.9999377371632333
3.0200000000000022 0.00036318206613099373 0.9999408323141474
3.030000000000002 0.0003440473413382435 0.9999437641460893
3.040000000000002 0.00032597507592351465 0.9999465417400362
3.0500000000000025 0.000308903502198188 0.9999491736483536
3.0600000000000023 0.0002927745897357766 0.9999516679268267
3.070000000000002 0.00027753381138972136 0.9999540321646628
3.080000000000002 0.00026312992438188025 0.9999562735126343
3.0900000000000025 0.00024951476546922094 0.9999583987094525
3.1000000000000023 0.00023664305926258272 0.9999604141064814
3.110000000000002 0.00022447223883324328 0.9999623256910597
3.120000000000002 0.0002129622778008194 0.9999641391080063
3.1300000000000026 0.00020207553314979338 0.9999658596802854
3.1400000000000023 0.00019177659807223516 0.9999674924280232
3.150000000000002 0.00018203216418108373 0.9999690420865072
3.160000000000002 0.0001728108924820448 0.9999705131230435
3.1700000000000026 0.00016408329253289605 0.9999719097527858
3.1800000000000024 0.00015582160925697552 0.9999732359535897
3.190000000000002 0.000147999716913064 0.9999744954799589
3.200000000000002 0.0001405930197569168 0.9999756918761444
3.2100000000000026 0.00013357835896052306 0.9999768284884397
3.2200000000000024 0.00012693392538393213 0.9999779084767324
3.230000000000002 0.00012063917782126027 0.9999789348253576
3.240000000000002 0.00011467476636756402 0.9999799103532883
3.2500000000000027 0.00010902246057654393 0.9999808377237153
3.2600000000000025 0.0001036650821008393 0.9999817194530481
3.2700000000000022 9.858644152696276e-05 0.9999825579193787
3.280000000000002 9.377127913588638e-05 0.9999833553704294
3.2900000000000027 8.920520933794079e-05 0.9999841139310344
3.3000000000000025 8.487466854720283e-05 0.9999848356101684
3.3100000000000023 8.07668662759189e-05 0.9999855223075594
3.320000000000002 7.68697392438817e-05 0.9999861758199085
3.3300000000000027 7.317190831107961e-05 0.9999867978467385
3.3400000000000025 6.966263805443447e-05 0.9999873899959011
3.3500000000000023 6.633179882113063e-05 0.9999879537887936
3.360000000000002 6.316983110193324e-05 0.9999884906650297
3.3700000000000028 6.01677120780572e-05 0.999989001987441
3.3800000000000026 5.731692420466013e-05 0.9999894890459823
3.3900000000000023 5.460942570288674e-05 0.9999899530620038
3.400000000000002 5.2037622840684786e-05 0.9999903951920409
3.410000000000003 4.9594343890330003e-05 0.9999908165314203
3.4200000000000026 4.727281465784115e-05 0.999991218117656
3.4300000000000024 4.5066635486179424e-05 0.9999916009336529
3.440000000000002 4.296975964046104e-05 0.999991965910717
3.450000000000003 4.097647298927424e-05 0.9999923139314052
3.4600000000000026 3.908137490169559e-05 0.9999926458321947
3.4700000000000024 3.7279360284745234e-05 0.9999929624060138
3.480000000000002 3.556560269081626e-05 0.9999932644046201
3.490000000000003 3.39355384290976e-05 0.9999935525408433
3.5000000000000027 3.2384851619213294e-05 0.9999938274907059
3.5100000000000025 3.0909460129210793e-05 0.9999940898954126
3.5200000000000022 2.9505502343700863e-05 0.9999943403632435
3.530000000000003 2.8169324711379476e-05 0.9999945794713185
3.5400000000000027 2.689747002436122e-05 0.9999948077672849
3.5500000000000025 2.5686666384753352e-05 0.9999950257708915
3.5600000000000023 2.4533816816701242e-05 0.9999952339754852
3.570000000000003 2.3435989484755472e-05 0.9999954328494187
3.5800000000000027 2.239040848186518e-05 0.9999956228373913
3.5900000000000025 2.1394445152593202e-05 0.9999958043616909
3.6000000000000023 2.0445609919297727e-05 0.9999959778233879
3.610000000000003 1.9541544581032577e-05 0.9999961436034644
3.6200000000000028 1.868001505679811e-05 0.9999963020638438
3.6300000000000026 1.7858904546533695e-05 0.9999964535484301
3.6400000000000023 1.7076207084892217e-05 0.999996598384042
3.650000000000003 1.6330021464376356e-05 0.9999967368812832
3.660000000000003 1.561854550586262e-05 0.9999968693354163
3.6700000000000026 1.4940070655889782e-05 0.999996996027147
3.6800000000000024 1.4292976891357181e-05 0.9999971172233816
3.690000000000003 1.3675727913461619e-05 0.9999972331779422
3.700000000000003 1.3086866613815461e-05 0.9999973441322421
3.7100000000000026 1.2525010796728996e-05 0.999997450315923
3.7200000000000024 1.1988849142615447e-05 0.9999975519474623
3.730000000000003 1.1477137398393026e-05 0.9999976492347399
3.740000000000003 1.0988694781612277e-05 0.9999977423755855
3.7500000000000027 1.0522400585844437e-05 0.9999978315582865
3.7600000000000025 1.0077190975616816e-05 0.9999979169620724
3.770000000000003 9.652055959888755e-06 0.9999979987575798
3.780000000000003 9.246036533722676e-06 0.9999980771072775
3.7900000000000027 8.858221978428486e-06 0.9999981521658877
3.8000000000000025 8.487747311039064e-06 0.9999982240807679
3.810000000000003 8.133790874523147e-06 0.9999982929922842
3.820000000000003 7.795572060654485e-06 0.9999983590341619
3.8300000000000027 7.472349157936439e-06 0.9999984223338122
3.8400000000000025 7.1634173174334944e-06 0.9999984830126535
3.850000000000003 6.868106629785302e-06 0.9999985411864013
3.860000000000003 6.585780307075595e-06 0.9999985969653566
3.8700000000000028 6.315832963602942e-06 0.9999986504546692
3.8800000000000026 6.057688989950678e-06 0.9999987017545918
3.8900000000000032 5.810801015082182e-06 0.9999987509607249
3.900000000000003 5.574648451498348e-06 0.9999987981642385
3.910000000000003 5.348736118782776e-06 0.9999988434520937
3.9200000000000026 5.132592941135017e-06 0.9999988869072451
3.9300000000000033 4.9257707147475495e-06 0.9999989286088354
3.940000000000003 4.727842941123544e-06 0.9999989686323825
3.950000000000003 4.538403722658571e-06 0.9999990070499513
3.9600000000000026 4.357066717023647e-06 0.9999990439303249
3.9700000000000033 4.183464147084614e-06 0.9999990793391584
3.980000000000003 4.017245863284319e-06 0.9999991133391317
3.990000000000003 3.858078455587419e-06 0.9999991459900903
4.000000000000003 3.705644412257245e-06 0.9999991773491795
4.010000000000003 3.559641322888464e-06 0.9999992074709773
4.020000000000003 3.4197811232674245e-06 0.999999236407612
4.030000000000003 3.2857893797702406e-06 0.9999992642088806
4.040000000000003 3.1574046111393415e-06 0.9999992909223594
4.050000000000003 3.034377645601462e-06 0.9999993165935049
4.060000000000003 2.9164710114055834e-06 0.999999341265759
4.070000000000003 2.803458358967873e-06 0.9999993649806386
4.080000000000003 2.695123912913423e-06 0.9999993877778283
4.090000000000003 2.5912619523999174e-06 0.9999994096952666
4.100000000000003 2.491676318200149e-06 0.9999994307692233
4.110000000000003 2.396179945104672e-06 0.9999994510343824
4.120000000000003 2.3045944182870482e-06 0.9999994705239109
4.1300000000000034 2.216749552349591e-06 0.9999994892695294
4.140000000000003 2.132482991838771e-06 0.9999995073015826
4.150000000000003 2.0516398320869315e-06 0.9999995246490986
4.160000000000003 1.974072259300266e-06 0.9999995413398508
4.1700000000000035 1.8996392088727208e-06 0.999999557400414
4.180000000000003 1.8282060409617248e-06 0.9999995728562218
4.190000000000003 1.7596442324149576e-06 0.9999995877316146
4.200000000000003 1.6938310841870205e-06 0.9999996020498926
4.2100000000000035 1.6306494434326253e-06 0.9999996158333616
4.220000000000003 1.5699874395067638e-06 0.9999996291033775
4.230000000000003 1.5117382331449576e-06 0.9999996418803901
4.240000000000003 1.4557997781357368e-06 0.9999996541839828
4.2500000000000036 1.402074594835245e-06 0.9999996660329109
4.260000000000003 1.3504695549089535e-06 0.9999996774451416
4.270000000000003 1.300895676718711e-06 0.9999996884378848
4.280000000000003 1.2532679308048978e-06 0.9999996990276301
4.290000000000004 1.2075050549428743e-06 0.9999997092301789
4.300000000000003 1.1635293782811997e-06 0.9999997190606704
4.310000000000003 1.1212666540951763e-06 0.9999997285336177
4.320000000000003 1.0806459007145353e-06 0.9999997376629293
4.330000000000004 1.0415992502073547e-06 0.9999997464619546
4.340000000000003 1.004061804424848e-06 0.9999997549434295
4.350000000000003 9.679714980323938e-07 0.9999997631196581
4.360000000000003 9.332689681722555e-07 0.9999997710023787
4.370000000000004 8.998974304221467e-07 0.9999997786028623
4.3800000000000034 8.678025607314482e-07 0.9999997859319205
4.390000000000003 8.369323830337324e-07 0.9999997929999234
4.400000000000003 8.072371622501144e-07 0.9999997998168203
4.410000000000004 7.786693024128084e-07 0.9999998063921568
4.4200000000000035 7.511832496525882e-07 0.9999998127350913
4.430000000000003 7.247353998070536e-07 0.9999998188544141
4.440000000000003 6.992840104194643e-07 0.99999982475856
4.450000000000004 6.747891169097347e-07 0.9999998304556266
4.4600000000000035 6.512124527105394e-07 0.999999835953386
4.470000000000003 6.285173731722653e-07 0.9999998412593003
4.480000000000003 6.066687830506195e-07 0.9999998463805341
4.490000000000004 5.856330674002906e-07 0.9999998513239667
4.5000000000000036 5.653780257072196e-07 0.9999998560962063
4.510000000000003 5.458728091005269e-07 0.9999998607035974
4.520000000000003 5.270878604933576e-07 0.9999998651522338
4.530000000000003 5.089948575095894e-07 0.9999998694479724
4.540000000000004 4.915666580606178e-07 0.9999998735964378
4.550000000000003 4.7477724844337224e-07 0.9999998776030342
4.560000000000003 4.5860169383723e-07 0.9999998814729555
4.570000000000004 4.43016091083688e-07 0.9999998852111928
4.580000000000004 4.279975236385966e-07 0.9999998888225425
4.590000000000003 4.1352401859216394e-07 0.9999998923116155
4.600000000000003 3.9957450565739276e-07 0.9999998956828442
4.610000000000003 3.861287780324327e-07 0.9999998989404899
4.620000000000004 3.731674550472218e-07 0.9999999020886498
4.6300000000000034 3.6067194650911765e-07 0.9999999051312631
4.640000000000003 3.48624418666603e-07 0.999999908072119
4.650000000000004 3.370077617140962e-07 0.999999910914861
4.660000000000004 3.258055587647585e-07 0.999999913662993
4.6700000000000035 3.150020562218103e-07 0.9999999163198876
4.680000000000003 3.045821354822608e-07 0.9999999188887877
4.690000000000003 2.945312859103063e-07 0.9999999213728135
4.700000000000004 2.8483557902064617e-07 0.9999999237749683
4.7100000000000035 2.754816438149507e-07 0.9999999260981406
4.720000000000003 2.6645664321751326e-07 0.9999999283451119
4.730000000000004 2.5774825155870536e-07 0.9999999305185586
4.740000000000004 2.493446330574183e-07 0.9999999326210566
4.7500000000000036 2.4123442125600787e-07 0.9999999346550867
4.760000000000003 2.3340669936354886e-07 0.999999936623036
4.770000000000003 2.258509814653347e-07 0.9999999385272028
4.780000000000004 2.1855719455859303e-07 0.9999999403698031
4.790000000000004 2.1151566137633921e-07 0.9999999421529664
4.800000000000003 2.0471708396307323e-07 0.9999999438787471
4.810000000000004 1.9815252796786642e-07 0.9999999455491225
4.820000000000004 1.9181340762191866e-07 0.9999999471659974
4.830000000000004 1.8569147136934195e-07 0.9999999487312066
4.840000000000003 1.7977878812136853e-07 0.9999999502465193
4.850000000000003 1.7406773410561226e-07 0.9999999517136381
4.860000000000004 1.68550980283367e-07 0.9999999531342045
4.870000000000004 1.632214803092057e-07 0.999999954509801
4.8800000000000034 1.5807245900835906e-07 0.9999999558419514
4.890000000000004 1.5309740134851397e-07 0.9999999571321269
4.900000000000004 1.4829004188380265e-07 0.9999999583817422
4.910000000000004 1.4364435464971546e-07 0.9999999595921638
4.9200000000000035 1.3915454348878498e-07 0.9999999607647084
4.930000000000003 1.348150327877497e-07 0.9999999619006451
4.940000000000004 1.3062045860782632e-07 0.9999999630011985
4.950000000000004 1.265656601906035e-07 0.9999999640675478
4.9600000000000035 1.2264567182284507e-07 0.9999999651008323
4.970000000000004 1.1885571504431184e-07 0.9999999661021505
4.980000000000004 1.1519119118340359e-07 0.9999999670725608
4.990000000000004 1.116476742061526e-07 0.9999999680130857
5.0000000000000036 1.0822090386477586e-07 0.9999999689247101
