D prob percentile
0.01 0.0 0.0
0.02 0.0 0.0
0.03 0.0 0.0
0.04 0.0 0.0
0.05 0.0 0.0
0.060000000000000005 0.0 0.0
0.06999999999999999 0.0 0.0
0.08 0.0 0.0
0.09 0.0 0.0
0.09999999999999999 0.0 0.0
0.11 0.0 0.0
0.12 0.0 0.0
0.13 0.0 0.0
0.14 0.0 0.0
0.15000000000000002 0.0 0.0
0.16 0.0 0.0
0.17 0.0 0.0
0.18000000000000002 0.0 0.0
0.19 0.0 0.0
0.2 0.0 0.0
0.21000000000000002 0.0 0.0
0.22 0.0 0.0
0.23 8.728024151168277e-305 1.061779399297353e-309
0.24000000000000002 4.711457909180682e-276 6.991607909586394e-281
0.25 7.070297065205643e-251 1.2543399237468297e-255
0.26 1.0463387406680955e-228 2.181934245246431e-233
0.27 4.2892389582107623e-209 1.0364373454996114e-213
0.28 1.1382289072104158e-191 3.149050770256886e-196
0.29000000000000004 3.948482930992984e-176 1.238255631636572e-180
0.3 3.216188876861159e-162 1.1337601883451895e-166
0.31 1.0052158758616175e-149 3.955739259247731e-154
0.32 1.8242320284006055e-138 7.9679944419041655e-143
0.33 2.7311859222581955e-128 1.31785671585785e-132
0.34 4.5507680453283334e-119 2.416313036169343e-123
0.35000000000000003 1.0904675992671845e-110 6.350705295075727e-115
0.36000000000000004 4.684883719932984e-103 2.984431027932984e-107
0.37 4.365778898224048e-96 3.0350223597886774e-100
0.38 1.0409676433170909e-89 7.881090066822719e-94
0.39 7.332807114143869e-84 6.034935902823932e-88
0.4 1.7302627440603706e-78 1.5453921027770592e-82
0.41000000000000003 1.5267889680276567e-73 1.4775691452821106e-77
0.42000000000000004 5.55032834707544e-69 5.811404927487506e-73
0.43 9.053542534479849e-65 1.024120162016338e-68
0.44 7.146381631360642e-61 8.721359866789249e-65
0.45 2.9189292078631e-57 3.837952615839309e-61
0.46 6.548074535110193e-54 9.2639382370545e-58
0.47000000000000003 8.50813872889597e-51 1.2934983785588005e-54
0.48000000000000004 6.71449567990973e-48 1.0956023829473331e-51
0.49 3.3583721639910856e-45 5.874240235661603e-49
0.5 1.1060419443420301e-42 2.0714258443197956e-46
0.51 2.4823844023549086e-40 4.972217627688378e-44
0.52 3.916328392361211e-38 8.38047718986298e-42
0.53 4.466411930850572e-36 1.0199971564517544e-39
0.54 3.7766821508742213e-34 9.195166413130668e-38
0.55 2.4227551095473963e-32 6.282638972761086e-36
0.56 1.2039711927857932e-30 3.322171694889518e-34
0.5700000000000001 4.7235950878971274e-29 1.3856607878695293e-32
0.5800000000000001 1.4886411499272379e-27 4.638438356170136e-31
0.59 3.828449226151853e-26 1.266004027176459e-29
0.6 8.151483170362075e-25 2.8584149220291813e-28
0.61 1.4560162868747586e-23 5.409907174478646e-27
0.62 2.208353247737091e-22 8.687553654180947e-26
0.63 2.875866417341121e-21 1.1969743494421425e-24
0.64 3.248638671369439e-20 1.4295435262654932e-23
0.65 3.213273110559359e-19 1.4939170322322147e-22
0.66 2.8071623563349698e-18 1.3779776287926767e-21
0.67 2.1833819101650524e-17 1.1308956660316302e-20
0.68 1.5231321161930207e-16 8.319171211665856e-20
0.6900000000000001 9.595175346771126e-16 5.523129005095985e-19
0.7000000000000001 5.493094635499239e-15 3.33033234100218e-18
0.7100000000000001 2.874551386800507e-14 1.8345738245149893e-17
0.72 1.382508324302004e-13 9.283068003192637e-17
0.73 6.141823604041215e-13 4.336617788380661e-16
0.74 2.5321618099407066e-12 1.8791164918545973e-15
0.75 9.730627070323374e-12 7.585718065837902e-15
0.76 3.499498421587055e-11 2.864487784480921e-14
0.77 1.1822975148440897e-10 1.0156666601831525e-13
0.78 3.7655958563211845e-10 3.3934803979237586e-13
0.79 1.134370015919226e-09 1.0719224523196658e-12
0.8 3.2420825694639354e-09 3.211035149255893e-12
0.81 8.816356380580012e-09 9.148359973519072e-12
0.8200000000000001 2.287268495975664e-08 2.4855948387160763e-11
0.8300000000000001 5.675460202071995e-08 6.456606796017916e-11
0.8400000000000001 1.3500975914990002e-07 1.6072902733563532e-10
0.85 3.0858148895486995e-07 3.84295622211347e-10
0.86 6.790731329627572e-07 8.843487593136036e-10
0.87 1.4416227273736993e-06 1.9625445024464027e-09
0.88 2.9578113432312227e-06 4.207778649685435e-09
0.89 5.875177698925774e-06 8.731235294740691e-09
0.9 1.1316365014974e-05 1.7562875136179283e-08
0.91 2.11685368747004e-05 3.4298809288995264e-08
0.92 3.8512069659777167e-05 6.512591974187298e-08
0.93 6.823596863542667e-05 1.2039600079237268e-07
0.9400000000000001 0.00011789497139689956 2.1697617290831908e-07
0.9500000000000001 0.00019886864727850653 3.816637481734293e-07
0.9600000000000001 0.0003278845664252297 6.560190458926084e-07
0.97 0.0005289643800737271 1.1030343291165265e-06
0.98 0.000835842184691857 1.8161150529047845e-06
0.99 0.0012948879773484513 2.9308938774499916e-06
1.0 0.0019685450556050357 4.640420654386758e-06
1.01 0.0029392592897227857 7.2142651561883665e-06
1.02 0.004313841496943035 1.1022026853677704e-05
1.03 0.006228163640802142 1.656166240659544e-05
1.04 0.008852047881318055 2.4492914013530856e-05
1.05 0.012394167691525687 3.567595071005647e-05
1.06 0.01710674560624575 5.121512384296578e-05
1.07 0.023289805852766902 7.250749446749604e-05
1.08 0.03129472490075988 0.00010129552467627709
1.09 0.04152682095918 0.00013972304984199922
1.1 0.05444673586027208 0.00019039337918482955
1.11 0.0705703898180867 0.0002564281234719093
1.12 0.09046733040506602 0.0003415251362047234
1.1300000000000001 0.11475734995004483 0.0004500137921300921
1.1400000000000001 0.14410530778339195 0.0005869057257258945
1.1500000000000001 0.17921416207156501 0.0007579391207107074
1.1600000000000001 0.22081628674890985 0.0009696146841623755
1.17 0.2696632185149184 0.0012292215561091593
1.18 0.326514043417386 0.0015448515941567846
1.19 0.39212268896611585 0.0019254007258747833
1.2 0.46722443336810854 0.0023805563691961505
1.21 0.5525219763955422 0.00292077027044622
1.22 0.6486714354181987 0.0035572164866105667
1.23 0.7562686348660134 0.004301734628051611
1.24 0.87583604819697 0.005166758865055106
1.25 1.0078107293582916 0.006165233572044128
1.26 1.1525335373223902 0.007310516824145662
1.27 1.3102399145455834 0.008616273261046989
1.28 1.4810524303986214 0.010096358084019428
1.29 1.6649752461424394 0.011764694147378772
1.3 1.8618906012530978 0.013635144241803468
1.31 2.0715573640990796 0.015721380742621936
1.32 2.2936116351893836 0.018036754812488016
1.33 2.5275693402060133 0.020594167307888833
1.34 2.7728307042420646 0.023405943447477373
1.35 3.028686459167086 0.026483713163428572
1.36 3.2943256035585833 0.02983829888197594
1.37 3.568844509556717 0.033479612273679224
1.3800000000000001 3.851257153390192 0.03741656128571386
1.3900000000000001 4.140506235983435 0.04165696852541957
1.4000000000000001 4.435474956559724 0.046207501813989256
1.4100000000000001 4.734999204890944 0.05107361747848415
1.42 5.037879946072279 0.056259516705558704
1.43 5.3428955845903445 0.0617681150467498
1.44 5.64881411113719 0.06760102494743268
1.45 5.954404855222795 0.073758550973129
1.46 6.258449688304549 0.08023969723039791
1.47 6.559753545083382 0.08704218632682881
1.48 6.857154154082903 0.09416248908662324
1.49 7.1495308919827245 0.10159586413511797
1.5 7.435812698865604 0.10933640638695098
1.51 7.714985013099034 0.11737710341743375
1.52 7.986095704640882 0.12570989866367932
1.53 8.248260003859679 0.1343257603894007
1.54 8.500664439304767 0.14321475535306333
1.55 8.742569812135832 0.1523661261410849
1.56 8.973313247081483 0.16176837116384135
1.57 9.192309369856293 0.171409326360059
1.58 9.399050668987593 0.18127624771260786
1.59 9.593107106089315 0.19135589374360856
1.6 9.77412504290263 0.20163460722715623
1.61 9.941825556055747 0.21209839543201073
1.62 10.096002211646411 0.22273300828264073
1.6300000000000001 10.236518371596468 0.23352401390356053
1.6400000000000001 10.363304102446769 0.24445687108767353
1.6500000000000001 10.476352755027413 0.2555169983032293
1.6600000000000001 10.575717280423444 0.26668983892509834
1.6700000000000002 10.661506344018276 0.27796092244361237
1.68 10.733880295285262 0.28931592146765195
1.69 10.793047046548008 0.3007407043975298
1.7 10.839257909262175 0.31222138369723446
1.71 10.872803431595237 0.32374435974461263
1.72 10.894009276286852 0.3352963602819726
1.73 10.903232173041994 0.346864475528451
1.74 10.90085597510715 0.35843618904938157
1.75 10.887287845260412 0.36999940450701024
1.76 10.862954592251459 0.3815424684414289
1.77 10.828299174789521 0.39305418925081725
1.78 10.783777386518107 0.40452385255625856
1.79 10.729854732050095 0.41594123314884585
1.8 10.667003501072038 0.4272966037258362
1.81 10.595700044764463 0.4385807406285531
1.82 10.516422256320867 0.4497849267979155
1.83 10.42964725517475 0.46090095216417887
1.84 10.335849272649579 0.4719211116860369
1.85 10.235497735117939 0.48283820125091387
1.86 10.1290555393763 0.49364551164337667
1.87 10.016977513795073 0.5043368207823409
1.8800000000000001 9.899709057871222 0.514906384420404
1.8900000000000001 9.777684952074122 0.525348925490406
1.9000000000000001 9.651328329317577 0.5356596222753923
1.9100000000000001 9.521049798991896 0.545834095568743
1.9200000000000002 9.387246714234214 0.5558683949814478
1.93 9.250302572984689 0.5657589845435474
1.94 9.110586543354888 0.5755027277367016
1.95 8.968453103908907 0.5850968720848161
1.96 8.824241789611404 0.5945390334197742
1.97 8.67827703441921 0.6038271799296066
1.98 8.530868101770755 0.6129596160870008
1.99 8.382309094550703 0.6219349665469432
2.0 8.232879036465777 0.6307521600935273
2.01 8.082842017152714 0.6394104137076111
2.02 7.9324473937441935 0.6479092168190707
2.03 7.7819300420349125 0.656248315799886
2.04 7.631510650813167 0.6644276987472604
2.05 7.481396053348167 0.6724475805993331
2.0599999999999996 7.331779590444127 0.6803083886200191
2.07 7.182841499887615 0.6880107482834966
2.0799999999999996 7.034749327519115 0.695555469583905
2.09 6.8876583555526905 0.702943533791053
2.0999999999999996 6.741712044146189 0.7101760806678439
2.11 6.59704248258695 0.7172543961618839
2.1199999999999997 6.453770846803848 0.724179900579557
2.13 6.3120078602442575 0.7309541372477101
2.1399999999999997 6.17185425546452 0.7375787616650781
2.15 6.033401234073229 0.7440555311429353
2.1599999999999997 5.896730922939763 0.7503862949320923
2.17 5.761916824834203 0.7565729848312754
2.1799999999999997 5.629024261901389 0.7626176062701152
2.19 5.498110810590078 0.7685222298583907
2.1999999999999997 5.3692267268599085 0.774288983391808
2.21 5.2424153606736725 0.7799200443034682
2.2199999999999998 5.117713558951921 0.785417632549183
2.23 4.995152056321067 0.7907840039140429
2.2399999999999998 4.8747558531264135 0.79602144372698
2.25 4.756544580307956 0.8011322609695845
2.26 4.640532850851043 0.8061187827650758
2.27 4.526730597625972 0.8109833492330701
2.28 4.415143397521839 0.8157283086956353
2.29 4.3057727818606315 0.8203560132200836
2.3 4.198616533149017 0.8248688144839535
2.31 4.093668968287536 0.8292690599477465
2.32 3.9909212084114323 0.8335590893211343
2.3299999999999996 3.8903614355840648 0.8377412313085544
2.34 3.791975136604105 0.8418178006203818
2.3499999999999996 3.6957453342213635 0.845791095236154
2.36 3.6016528060843642 0.8496633939066505
2.3699999999999997 3.5096762917658837 0.8534369538819906
2.38 3.4197926882309955 0.8571140088532923
2.3899999999999997 3.331977234126499 0.860696767095816
2.4 3.2462036832811214 0.8641874098019434
2.4099999999999997 3.162444467813138 0.8675880895927491
2.42 3.0806708512462357 0.8709009291973442
2.4299999999999997 3.000853072036219 0.8741280202895998
2.44 2.9229604779103804 0.8772714224722977
2.4499999999999997 2.8469616514188614 0.8803331623991503
2.46 2.7728245270927814 0.883315233025593
2.4699999999999998 2.700516500598257 0.8862195929796345
2.48 2.6300045302679793 0.8890481660444781
2.4899999999999998 2.561255231384128 0.8918028407450211
2.5 2.4942349635769685 0.8944854700307392
2.51 2.428909911693836 0.8970978710478291
2.52 2.3652461604825605 0.8996418249938707
2.53 2.3032097634227173 0.9021190770486158
2.54 2.2427668060265264 0.9045313363748729
2.55 2.1838834639200746 0.9068802761837704
2.56 2.1265260560035233 0.9091675338590316
2.57 2.0706610929776255 0.911394711135187
2.5799999999999996 2.0162553215118573 0.9135633743249482
2.59 1.9632757643179957 0.9156750545912676
2.5999999999999996 1.9116897563814852 0.9177312482598663
2.61 1.8614649775913452 0.9197334171682844
2.6199999999999997 1.812569481998557 0.9216829890477549
2.63 1.7649717239215865 0.9235813579344349
2.6399999999999997 1.7186405811073329 0.925429884606767
2.65 1.6735453751451879 0.9272298970459457
2.6599999999999997 1.629655889322003 0.928982690916674
2.67 1.5869423840958043 0.9306895300655933
2.6799999999999997 1.545375610356862 0.9323516470349495
2.69 1.5049268206354405 0.9339702435892239
2.6999999999999997 1.465567778406876 0.9355464912526429
2.71 1.427270765636229 0.937081531855612
2.7199999999999998 1.3900085886965667 0.9385764780882888
2.73 1.3537545827872617 0.9400324140596227
2.7399999999999998 1.3184826149712712 0.9414503958603487
2.75 1.2841670859432017 0.9428314521285136
2.76 1.2507829306333151 0.9441765846162603
2.77 1.218305617746026 0.9454867687566729
2.78 1.1867111483254904 0.9467629542296101
2.79 1.1559760534348458 0.9480060655255392
2.8 1.1260773910302793 0.949217002506472
2.81 1.0969927421057353 0.9503966409631885
2.82 1.068700206179119 0.9515458331680148
2.8299999999999996 1.0411783961861156 0.9526654084224913
2.84 1.0144064328432727 0.9537561735993303
2.8499999999999996 0.9883639385377648 0.9548189136781406
2.86 0.9630310307972472 0.9558543922744366
2.8699999999999997 0.938388315389452 0.9568633521615131
2.88 0.9144168790976137 0.9578465157848293
2.8899999999999997 0.8910982822144647 0.958804585768561
2.9 0.8684145507943652 0.9597382454140643
2.9099999999999997 0.8463481687002059 0.9606481591899982
2.92 0.8248820694788788 0.9615349732139156
2.9299999999999997 0.8039996280965443 0.9623993157251522
2.94 0.7836846525623941 0.9632417975488844
2.9499999999999997 0.7639213754673977 0.9640630125512475
2.96 0.7446944454622552 0.9648635380854419
2.9699999999999998 0.7259889186968469 0.9656439354287693
2.98 0.7077902502414917 0.9664047502105757
2.9899999999999998 0.6900842855086438 0.9671465128310842
3.0 0.6728572516919241 0.9678697388711334
3.01 0.6560957492378902 0.9685749294928455
3.02 0.6397867433644913 0.9692625718312674
3.03 0.6239175556388136 0.9699331393770382
3.04 0.6084758556254766 0.9705870923501569
3.05 0.593449652615871 0.9712248780649269
3.06 0.5788272874473648 0.9718469312861697
3.07 0.5645974244205858 0.9724536745768074
3.08 0.5507490433219641 0.9730455186369233
3.09 0.5372714315578695 0.9736228626344118
3.0999999999999996 0.5241541764058516 0.9741860945273443
3.11 0.5113871573877904 0.9747355913781727
3.1199999999999997 0.49896053876904634 0.9752717196599083
3.13 0.48686476218710245 0.9757948355544056
3.1399999999999997 0.4750905394125909 0.9763052852428928
3.15 0.4636288452450684 0.9768034051888909
3.1599999999999997 0.45247091054542693 0.9772895224136673
3.17 0.4416082154063567 0.9777639547643633
3.1799999999999997 0.4310324824618826 0.9782270111749529
3.19 0.4207356703366156 0.978678991920167
3.1999999999999997 0.4107099672350106 0.9791201888625476
3.21 0.4009477846706238 0.9795508856927666
3.2199999999999998 0.39144175133505416 0.9799713581633647
3.23 0.38218470710602664 0.9803818743160615
3.2399999999999998 0.37316969719381454 0.9807826947027709
3.25 0.364389966425009 0.9811740726004846
3.26 0.3558389536624366 0.9815562542201595
3.27 0.3475102863598741 0.9819294789097506
3.28 0.33939777525004605 0.9822939793515403
3.29 0.3314954091642587 0.9826499817538981
3.3 0.32379734998192533 0.9829977060376085
3.31 0.3162979277080924 0.9833373660169124
3.32 0.30899163567704024 0.9836691695753866
3.33 0.3018731258798991 0.9839933188368
3.34 0.29493720441420684 0.9843100103310778
3.3499999999999996 0.2881788270532316 0.9846194351554949
3.36 0.2815930949328775 0.9849217791312356
3.3699999999999997 0.275175250353924 0.9852172229554332
3.38 0.2689206726973353 0.9855059423488147
3.3899999999999997 0.2628248744503559 0.9857881081990713
3.4 0.25688349734108007 0.9860638867000666
3.4099999999999997 0.251092308579191 0.986333439487002
3.42 0.24544719720055194 0.9865969237676427
3.4299999999999997 0.23994417051333466 0.9868544924497235
3.44 0.23457935064337818 0.9871062942646329
3.4499999999999997 0.2293489711764887 0.9873524738874822
3.46 0.22424937389539365 0.987593172053661
3.4699999999999998 0.2192770056090857 0.9878285256719807
3.48 0.2144284150723231 0.988058667934501
3.4899999999999998 0.20970024999306172 0.9882837284231293
3.5 0.20508925412562834 0.9885038332130957
3.51 0.2005922644474797 0.9887191049733843
3.52 0.19620620841739908 0.9889296630642112
3.53 0.1919281013130463 0.9891356236316364
3.54 0.1877550436457861 0.9893370996993887
3.55 0.18368421865075812 0.9895342012579916
3.56 0.17971288985019948 0.9897270353512576
3.57 0.17583839868805454 0.9899157061602414
3.58 0.172058162233948 0.9901003150847145
3.59 0.16836967095463584 0.9902809608222414
3.5999999999999996 0.16477048655108728 0.9904577394449252
3.61 0.1612582398593889 0.9906307444738902
3.6199999999999997 0.15783062881369392 0.9908000669515724
3.63 0.1544854164694945 0.990965795511877
3.6399999999999997 0.15122042908551422 0.9911280164482736
3.65 0.14803355426256973 0.9912868137798799
3.6599999999999997 0.14492273913778705 0.9914422693156053
3.67 0.14188598863258864 0.9915944627164041
3.6799999999999997 0.1389213637529171 0.991743471555696
3.69 0.13602697994018606 0.9918893713780135
3.6999999999999997 0.13320100547150007 0.9920322357559199
3.71 0.13044165990770687 0.9921721363452606
3.7199999999999998 0.12774721258789498 0.992309142938786
3.73 0.12511598116897704 0.992443323518208
3.7399999999999998 0.12254633020904028 0.9925747443047226
3.75 0.12003666979317179 0.9927034698080548
3.76 0.11758545420051235 0.9928295628740702
3.77 0.11519118061131452 0.9929530847309859
3.78 0.11285238785282177 0.9930740950342369
3.79 0.11056765518281278 0.9931926519100269
3.8 0.10833560110969191 0.9933088119976108
3.81 0.10615488224802823 0.9934226304903406
3.82 0.10402419220848838 0.9935341611755178
3.83 0.1019422605211302 0.9936434564730844
3.84 0.099907851591054 0.9937505674731879
3.8499999999999996 0.09791976368543698 0.9938555439726546
3.86 0.09597682795100868 0.9939584345104061
3.8699999999999997 0.09407790746104532 0.9940592864018448
3.88 0.09222189629099045 0.9941581457722487
3.8899999999999997 0.0904077186218394 0.9942550575891937
3.9 0.08863432787043975 0.9943500656940428
3.9099999999999997 0.08690070584589943 0.994443212832527
3.92 0.08520586193130132 0.9945345406844401
3.9299999999999997 0.08354883228996106 0.994624089892481
3.94 0.08192867909547802 0.9947119000902676
3.9499999999999997 0.08034448978485749 0.9947980099295411
3.96 0.07879537633399773 0.9948824571065954
3.9699999999999998 0.0772804745548637 0.9949652783879434
3.98 0.07579894341368383 0.9950465096352542
3.9899999999999998 0.07434996436952675 0.995126185829573
4.0 0.07293274073263922 0.9952043410948508
4.01 0.07154649704193904 0.9952810087208056
4.02 0.07019047846107723 0.9953562211851298
4.03 0.06886395019250398 0.9954300101750667
4.04 0.06756619690898615 0.9955024066083771
4.05 0.06629652220204327 0.9955734406537092
4.06 0.065054248046785 0.9956431417503893
4.07 0.0638387142826475 0.9957115386276607
4.08 0.06264927810954413 0.9957786593233718
4.09 0.061485313598957016 0.9958445312021271
4.1 0.06034621121951447 0.9959091809729947
4.109999999999999 0.059231377376610404 0.9959726347065876
4.12 0.05814023396563611 0.9960349178517863
4.13 0.05707221793841045 0.9960960552519628
4.14 0.056026780882402566 0.9961560711606374
4.1499999999999995 0.05500338861235728 0.996214989256938
4.16 0.054001520773947265 0.9962728326603945
4.17 0.053020670459079065 0.9963296239454373
4.18 0.05206034383250391 0.9963853851554674
4.1899999999999995 0.05112005976938407 0.9964401378165383
4.2 0.05019934950348207 0.9964939029506596
4.21 0.0492977562856515 0.9965467010887294
4.22 0.048414835052311034 0.9965985522831126
4.2299999999999995 0.04755015210360265 0.9966494761198725
4.24 0.04670328479093706 0.9966994917306625
4.25 0.04587382121364148 0.9967486178042958
4.26 0.04506135992443283 0.9967968725979947
4.27 0.04426550964345091 0.9968442739483325
4.28 0.04348588898058824 0.9968908392818757
4.29 0.042722126165868825 0.9969365856255373
4.3 0.041973858787629596 0.9969815296166481
4.31 0.04124073353826962 0.9970256875127521
4.32 0.040522405967337784 0.9970690752011376
4.33 0.039818540241739024 0.9971117082081107
4.34 0.039128808912841255 0.9971536017080158
4.35 0.038452892690277296 0.997194770532013
4.36 0.03779048022223993 0.9972352291766224
4.37 0.037141267882074364 0.9972749918120336
4.38 0.03650495956097776 0.9973140722901936
4.39 0.035881266466624345 0.9973524841526807
4.3999999999999995 0.035269906927537245 0.9973902406383632
4.41 0.03467060620303475 0.9974273546908573
4.42 0.03408309629858477 0.9974638389657831
4.43 0.03350711578640482 0.9974997058378289
4.4399999999999995 0.03294240963115153 0.9975349674076299
4.45 0.032388729020548214 0.997569635508459
4.46 0.03184583120080191 0.9976037217127484
4.47 0.031313479316668454 0.997637237338429
4.4799999999999995 0.030791442256026903 0.9976701934551114
4.49 0.03027949449883027 0.9977026008901003
4.5 0.029777415970300335 0.9977344702342502
4.51 0.02928499189824418 0.9977658118476701
4.52 0.02880201267436713 0.997796635865275
4.53 0.0283282737194666 0.9978269522021976
4.54 0.027863575352390504 0.9978567705590536
4.55 0.027407722662650062 0.9978861004270737
4.56 0.026960525386579354 0.997914951093099
4.57 0.02652179778693669 0.9979433316444521
4.58 0.02609135853584755 0.9979712509734723
4.59 0.025669030600990673 0.9979987177831492
4.6 0.02525464113493179 0.998025740589598
4.61 0.02484802136751387 0.9980523277284679
4.62 0.024449006501214062 0.998078487358201
4.63 0.024057435609380055 0.9981042274643988
4.64 0.02367315153726386 0.9981295558638744
4.6499999999999995 0.023296000805769115 0.9981544802086072
4.66 0.022925833517835562 0.9981790079895925
4.67 0.02256250326738215 0.9982031465405967
4.68 0.02220586705073551 0.9982269030418116
4.6899999999999995 0.021855785180472313 0.9982502845234238
4.7 0.021512121201604336 0.9982732978690864
4.71 0.021174741810040806 0.9982959498193076
4.72 0.020843516773259605 0.9983182469747526
4.7299999999999995 0.020518318853126622 0.9983401957994628
4.74 0.020199023730799237 0.9983618026239913
4.75 0.01988550993365609 0.9983830736484669
4.76 0.019577658764192884 0.9984040149455717
4.77 0.019275354230830433 0.9984246324634547
4.78 0.01897848298057827 0.9984449320285629
4.79 0.01868693423350225 0.9984649193484096
4.8 0.018400599718943745 0.9984846000142724
4.81 0.018119373613441743 0.9985039795038199
4.82 0.017843152480308277 0.9985230631836794
4.83 0.017571835210811747 0.998541856311938
4.84 0.017305322966920614 0.9985603640405816
4.85 0.017043519125565978 0.9985785914178776
4.86 0.016786329224377294 0.9985965433906944
4.87 0.016533660908852745 0.9986142248067686
4.88 0.01628542388092099 0.9986316404169129
4.89 0.01604152984885713 0.9986487948771724
4.8999999999999995 0.015801892478514767 0.9986656927509288
4.91 0.015566427345835989 0.9986823385109521
4.92 0.015335051890605312 0.9986987365414038
4.93 0.015107685371411566 0.9987148911397896
4.9399999999999995 0.01488424882178421 0.9987308065188684
4.95 0.014664665007472657 0.9987464868085114
4.96 0.014448858384834886 0.9987619360575202
4.97 0.014236755060305835 0.9987771582353975
4.9799999999999995 0.014028282750916042 0.9987921572340794
4.99 0.013823370745829752 0.9988069368696226
5.0 0.013621949868876652 0.9988215008838539
5.01 0.013423952442047778 0.9988358529459799
5.02 0.01322931224993025 0.9988499966541562
5.03 0.013037964505054803 0.9988639355370239
5.04 0.012849845814131271 0.9988776730552056
5.05 0.012664894145146773 0.9988912126027665
5.06 0.012483048795304425 0.9989045575086444
5.07 0.0123042503597785 0.9989177110380427
5.08 0.012128440701264424 0.9989306763937915
5.09 0.011955562920301768 0.9989434567176771
5.1 0.011785561326349022 0.9989560550917412
5.11 0.011618381409590532 0.998968474539547
5.12 0.011453969813454567 0.9989807180274207
5.13 0.01129227430782461 0.9989927884656579
5.14 0.011133243762924107 0.9990046887097085
5.1499999999999995 0.010976828123857314 0.9990164215613279
5.16 0.010822978385788027 0.999027989769706
5.17 0.010671646569739443 0.9990393960325696
5.18 0.010522785698998295 0.9990506429972572
5.1899999999999995 0.010376349776107277 0.999061733261771
5.2 0.010232293760429842 0.999072669375804
5.21 0.010090573546272165 0.9990834538417451
5.22 0.009951145941547829 0.9990940891156579
5.2299999999999995 0.00981396864696993 0.9991045776082411
5.24 0.00967900023575765 0.9991149216857641
5.25 0.00954620013384284 0.9991251236709833
5.26 0.009415528600563825 0.9991351858440359
5.27 0.009286946709833658 0.9991451104433158
5.28 0.009160416331769648 0.999154899666326
5.29 0.009035900114773178 0.9991645556705171
5.3 0.008913361468046556 0.9991740805741017
5.31 0.008792764544536877 0.9991834764568538
5.32 0.008674074224294752 0.9991927453608882
5.33 0.008557256098237178 0.9992018892914256
5.34 0.008442276452304593 0.9992109102175369
5.35 0.008329102252001034 0.9992198100728726
5.36 0.008217701127308137 0.9992285907563769
5.37 0.00810804135796288 0.9992372541329856
5.38 0.00800009185908973 0.9992458020343052
5.39 0.007893822167178075 0.9992542362592834
5.3999999999999995 0.007789202426396021 0.9992625585748593
5.41 0.007686203375231788 0.9992707707166004
5.42 0.007584796333454428 0.9992788743893295
5.43 0.007484953189385611 0.9992868712677315
5.4399999999999995 0.007386646387474337 0.9992947629969519
5.45 0.0072898489161669945 0.9993025511931806
5.46 0.007194534296065398 0.9993102374442228
5.47 0.007100676568364885 0.9993178233100571
5.4799999999999995 0.007008250283565954 0.9993253103233829
5.49 0.00691723049045213 0.9993326999901531
5.5 0.006827592725327419 0.9993399937901009
5.51 0.006739313001506679 0.999347193177248
5.52 0.006652367799052748 0.9993542995804069
5.53 0.00656673405475375 0.9993613144036715
5.54 0.006482389152334768 0.9993682390268953
5.55 0.006399310912898085 0.9993750748061615
5.56 0.006317477585585766 0.9993818230742424
5.57 0.006236867838459653 0.9993884851410478
5.58 0.0061574607495928 0.9993950622940665
5.59 0.006079235798367344 0.9994015557987952
5.6 0.0060021728569736406 0.9994079668991604
5.61 0.005926252182105396 0.9994142968179316
5.62 0.005851454406846508 0.9994205467571246
5.63 0.005777760532743959 0.9994267178983958
5.64 0.005705151922063154 0.9994328114034303
5.6499999999999995 0.005633610290220355 0.9994388284143219
5.66 0.00556311769838835 0.9994447700539398
5.67 0.0054936565462710115 0.9994506374262973
5.68 0.005425209565042144 0.9994564316169019
5.6899999999999995 0.0053577598104454045 0.9994621536931074
5.7 0.00529129065605051 0.9994678047044532
5.71 0.005225785786662424 0.9994733856829976
5.72 0.005161229191879642 0.9994788976436461
5.7299999999999995 0.005097605159797977 0.9994843415844703
5.74 0.005034898270856087 0.9994897184870222
5.75 0.004973093391819618 0.9994950293166407
5.76 0.004912175669900419 0.999500275022753
5.77 0.004852130527007532 0.9995054565391686
5.78 0.004792943654126844 0.9995105747843674
5.79 0.0047346010058263045 0.9995156306617838
5.8 0.0046770887948835915 0.9995206250600838
5.81 0.004620393487033387 0.9995255588534324
5.82 0.004564501795831316 0.9995304329017651
5.83 0.00450940067763173 0.9995352480510438
5.84 0.004455077326676783 0.9995400051335136
5.85 0.004401519170293754 0.9995447049679533
5.86 0.00434871386419861 0.9995493483599178
5.87 0.004296649287902725 0.999553936101982
5.88 0.004245313540220543 0.9995584689739716
5.89 0.004194694934876009 0.9995629477431973
5.8999999999999995 0.004144781996204773 0.9995673731646769
5.91 0.004095563454950855 0.9995717459813617
5.92 0.0040470282441545415 0.9995760669243468
5.93 0.003999165495130089 0.9995803367130897
5.9399999999999995 0.003951964533530792 0.9995845560556141
5.95 0.0039054148754994805 0.9995887256487185
5.96 0.003859506223902343 0.9995928461781715
5.97 0.003814228464644151 0.999596918318912
5.9799999999999995 0.0037695716630630842 0.999600942735239
5.99 0.0037255260604032617 0.999604920081002
6.0 0.003682082070362902 0.9996088509997848
6.01 0.0036392302757169907 0.9996127361250865
6.02 0.0035969614250117906 0.9996165760805004
6.03 0.0035552664293305976 0.9996203714798868
6.04 0.00351413635912808 0.9996241229275447
6.05 0.003473562441132463 0.9996278310183793
6.06 0.0034335360553134054 0.9996314963380656
6.07 0.003394048731914269 0.9996351194632104
6.08 0.0033550921485475046 0.9996387009615091
6.09 0.003316658127351173 0.9996422413919017
6.1 0.003278738632205891 0.9996457413047241
6.11 0.003241325766010249 0.9996492012418569
6.12 0.0032044117680135663 0.9996526217368724
6.13 0.003167989011204855 0.9996560033151765
6.14 0.0031320499997563142 0.9996593464941513
6.15 0.003096587366520639 0.999662651783291
6.16 0.0030615938705803604 0.9996659196843386
6.17 0.0030270623948484817 0.9996691506914169
6.18 0.002992985943719075 0.9996723452911609
6.1899999999999995 0.0029593576407666257 0.9996755039628435
6.2 0.002926170726493209 0.9996786271785033
6.21 0.0028934185561223496 0.9996817154030635
6.22 0.002861094597438412 0.9996847690944562
6.2299999999999995 0.0028291924286706796 0.9996877887037401
6.24 0.0027977057364209886 0.9996907746752144
6.25 0.002766628313634079 0.9996937274465357
6.26 0.0027359540576094303 0.9996966474488268
6.27 0.002705676968054108 0.9996995351067902
6.28 0.0026757911451752428 0.9997023908388118
6.29 0.0026462907878115785 0.9997052150570687
6.3 0.0026171701916031078 0.9997080081676337
6.31 0.0025884237471979574 0.9997107705705739
6.32 0.0025600459384956444 0.9997135026600545
6.33 0.0025320313409261572 0.999716204824434
6.34 0.002504374619763604 0.9997188774463616
6.35 0.0024770705284742145 0.9997215209028726
6.36 0.0024501139070974933 0.9997241355654777
6.37 0.002423499680660076 0.9997267218002586
6.38 0.0023972228576214396 0.9997292799679542
6.39 0.0023712785283508202 0.9997318104240498
6.4 0.0023456618636346627 0.9997343135188621
6.41 0.0023203681132139137 0.999736789597625
6.42 0.002295392604350516 0.9997392390005718
6.43 0.0022707307404224585 0.9997416620630164
6.4399999999999995 0.0022463779995468823 0.9997440591154352
6.45 0.0022223299332303935 0.9997464304835436
6.46 0.0021985821650462303 0.9997487764883746
6.47 0.0021751303893376268 0.9997510974463527
6.4799999999999995 0.002151970369946736 0.9997533936693721
6.49 0.002129097938968663 0.9997556654648638
6.5 0.002106508995530072 0.9997579131358743
6.51 0.0020841995045917253 0.9997601369811312
6.52 0.0020621654957745663 0.9997623372951139
6.53 0.002040403062208834 0.9997645143681224
6.54 0.0020189083594056184 0.9997666684863424
6.55 0.001997677604150485 0.9997687999319135
6.56 0.0019767070734186512 0.9997709089829899
6.57 0.0019559931033113114 0.9997729959138085
6.58 0.001935532088012538 0.9997750609947461
6.59 0.0019153204787664903 0.9997771044923847
6.6 0.0018953547828743638 0.9997791266695681
6.61 0.0018756315627107762 0.9997811277854638
6.62 0.0018561474347590615 0.9997831080956194
6.63 0.0018368990686652002 0.9997850678520186
6.64 0.0018178831863098946 0.9997870073031405
6.65 0.0017990965608985017 0.99978892669401
6.66 0.001780536016068331 0.9997908262662555
6.67 0.0017621984250130963 0.9997927062581609
6.68 0.001744080709624013 0.9997945669047157
6.6899999999999995 0.0017261798396473198 0.9997964084376696
6.7 0.0017084928318577897 0.9997982310855811
6.71 0.0016910167492479914 0.9998000350738661
6.72 0.0016737487002328275 0.9998018206248482
6.7299999999999995 0.001656685837869305 0.9998035879578062
6.74 0.0016398253590908394 0.9998053372890195
6.75 0.0016231645039561727 0.9998070688318167
6.76 0.001606700554912348 0.999808782796619
6.77 0.0015904308360715903 0.9998104793909863
6.78 0.001574352712501716 0.9998121588196592
6.79 0.001558463589529885 0.9998138212846039
6.8 0.001542760912059342 0.9998154669850539
6.81 0.0015272421638989466 0.999817096117551
6.82 0.0015119048671051552 0.9998187088759879
6.83 0.0014967465813363542 0.9998203054516459
6.84 0.0014817649032190312 0.9998218860332377
6.85 0.0014669574657258826 0.9998234508069429
6.86 0.0014523219375652484 0.9998249999564486
6.87 0.001437856022582055 0.999826533662987
6.88 0.0014235574591695988 0.9998280521053702
6.89 0.0014094240196922722 0.9998295554600298
6.9 0.0013954535099189578 0.9998310439010494
6.91 0.001381643768466711 0.9998325176002028
6.92 0.0013679926662547289 0.9998339767269853
6.93 0.0013544981059682478 0.9998354214486505
6.9399999999999995 0.0013411580215323103 0.9998368519302419
6.95 0.001327970377595067 0.9998382683346283
6.96 0.0013149331690205078 0.9998396708225329
6.97 0.0013020444203904213 0.9998410595525659
6.9799999999999995 0.0012893021855153988 0.9998424346812588
6.99 0.001276704546954655 0.9998437963630906
7.0 0.0012642496155446158 0.9998451447505214
7.01 0.0012519355299359216 0.9998464799940214
7.02 0.0012397604561388512 0.9998478022420989
7.03 0.0012277225870769006 0.9998491116413304
7.04 0.0012158201421483673 0.9998504083363887
7.05 0.001204051366795819 0.9998516924700713
7.06 0.0011924145320832823 0.9998529641833258
7.07 0.0011809079342809542 0.9998542236152792
7.08 0.0011695298944573525 0.9998554709032621
7.09 0.0011582787580787352 0.9998567061828387
7.1 0.0011471528946156236 0.9998579295878282
7.11 0.001136150697156325 0.9998591412503312
7.12 0.0011252705820273409 0.9998603413007573
7.13 0.001114510988420418 0.9998615298678456
7.14 0.0011038703780262599 0.999862707078692
7.15 0.0010933472346746618 0.9998638730587698
7.16 0.001082940063981016 0.999865027931957
7.17 0.0010726473929989894 0.9998661718205546
7.18 0.001062467769879319 0.9998673048453135
7.1899999999999995 0.0010523997635346173 0.9998684271254537
7.2 0.001042441963309995 0.9998695387786873
7.21 0.001032592978659442 0.9998706399212406
7.22 0.001022851438827894 0.9998717306678735
7.2299999999999995 0.001013215992538792 0.9998728111319019
7.24 0.0010036853076870749 0.9998738814252185
7.25 0.0009942580710375429 0.9998749416583105
7.26 0.0009849329879283717 0.9998759919402839
7.27 0.0009757087819798359 0.9998770323788777
7.28 0.0009665841948079861 0.9998780630804868
7.29 0.0009575579857433486 0.9998790841501801
7.3 0.0009486289315543511 0.9998800956917193
7.31 0.0009397958261756229 0.9998810978075761
7.32 0.0009310574804408713 0.9998820905989517
7.33 0.0009224127218203608 0.9998830741657944
7.34 0.0009138603941628872 0.9998840486068168
7.35 0.0009053993574421463 0.9998850140195112
7.36 0.0008970284875074252 0.9998859705001708
7.37 0.0008887466758385486 0.9998869181439031
7.38 0.0008805528293049627 0.9998878570446466
7.39 0.0008724458699289306 0.9998887872951885
7.4 0.0008644247346527153 0.9998897089871797
7.41 0.0008564883751097318 0.999890622211151
7.42 0.0008486357573995014 0.999891527056527
7.43 0.000840865861866475 0.9998924236116434
7.4399999999999995 0.0008331776828825063 0.999893311963762
7.45 0.0008255702286330338 0.9998941921990833
7.46 0.0008180425209067933 0.9998950644027624
7.47 0.0008105935948891173 0.9998959286589242
7.4799999999999995 0.000803222498958627 0.9998967850506768
7.49 0.0007959282944873443 0.999897633660124
7.5 0.0007887100556441433 0.9998984745683802
7.51 0.0007815668692014554 0.999899307855585
7.52 0.0007744978343451819 0.9999001336009165
7.53 0.0007675020624877716 0.9999009518825996
7.54 0.0007605786770843929 0.9999017627779251
7.55 0.0007537268134521136 0.9999025663632602
7.56 0.0007469456185921165 0.999903362714058
7.57 0.0007402342510147904 0.9999041519048756
7.58 0.0007335918805677479 0.9999049340093805
7.59 0.0007270176882666189 0.9999057091003671
7.6 0.0007205108661286526 0.9999064772497646
7.61 0.0007140706170090241 0.9999072385286515
7.62 0.0007076961544398442 0.9999079930072654
7.63 0.0007013867024717502 0.9999087407550153
7.64 0.0006951414955181227 0.9999094818404926
7.65 0.0006889597782018126 0.9999102163314798
7.66 0.0006828408052043558 0.9999109442949652
7.67 0.0006767838411176466 0.9999116657971497
7.68 0.0006707881602980028 0.9999123809034591
7.6899999999999995 0.0006648530467225865 0.9999130896785557
7.7 0.0006589777938481593 0.9999137921863449
7.71 0.0006531617044720922 0.9999144884899891
7.72 0.0006474040905956209 0.9999151786519128
7.7299999999999995 0.0006417042732893012 0.9999158627338193
7.74 0.0006360615825606165 0.9999165407966915
7.75 0.0006304753572237089 0.9999172129008091
7.76 0.0006249449447711942 0.9999178791057534
7.77 0.0006194697012480124 0.9999185394704186
7.78 0.0006140489911273055 0.9999191940530191
7.79 0.0006086821871882584 0.9999198429110989
7.8 0.0006033686703958861 0.9999204861015424
7.81 0.0005981078297827264 0.9999211236805784
7.82 0.0005928990623324039 0.9999217557037949
7.83 0.0005877417728650438 0.9999223822261413
7.84 0.0005826353739244911 0.999923003301941
7.85 0.0005775792856673012 0.9999236189848973
7.86 0.0005725729357534917 0.999924229328102
7.87 0.0005676157592389881 0.9999248343840439
7.88 0.0005627071984698058 0.9999254342046155
7.89 0.0005578467029778276 0.9999260288411224
7.9 0.0005530337293782574 0.9999266183442878
7.91 0.0005482677412686583 0.9999272027642637
7.92 0.0005435482091295822 0.9999277821506358
7.93 0.0005388746102267123 0.9999283565524311
7.94 0.000534246428514574 0.9999289260181258
7.95 0.0005296631545417006 0.9999294905956515
7.96 0.0005251242853573043 0.9999300503324031
7.97 0.0005206293244193586 0.9999306052752447
7.9799999999999995 0.0005161777815041291 0.9999311554705174
7.99 0.0005117691726170918 0.999931700964044
8.0 0.0005074030199052186 0.9999322418011382
8.01 0.0005030788515706218 0.9999327780266091
8.02 0.0004987962017855297 0.9999333096847687
8.03 0.000494554610608545 0.9999338368194368
8.04 0.0004903536239022209 0.9999343594739495
8.05 0.0004861927932518687 0.9999348776911623
8.06 0.00048207167588561564 0.9999353915134602
8.07 0.00047798983459570223 0.9999359009827585
8.08 0.0004739468376609409 0.9999364061405125
8.09 0.000469942258770389 0.9999369070277232
8.1 0.0004659756769481658 0.9999374036849411
8.11 0.0004620466764794088 0.9999378961522716
8.12 0.0004581548468373613 0.9999383844693835
8.13 0.00045429978261155127 0.9999388686755124
8.14 0.00045048108343707065 0.9999393488094644
8.15 0.00044669835392490407 0.9999398249096259
8.16 0.0004429512035933257 0.9999402970139645
8.17 0.00043923924680030953 0.9999407651600232
8.18 0.00043556210267697084 0.9999412293849772
8.19 0.00043191939506199425 0.9999416897255617
8.2 0.000428310752437058 0.9999421462181285
8.209999999999999 0.0004247358078632101 0.9999425988986366
8.22 0.0004211941989182019 0.9999430478026569
8.23 0.00041768556763475826 0.9999434929653818
8.24 0.00041420956043976487 0.9999439344216214
8.25 0.0004107658280943612 0.9999443722058156
8.26 0.00040735402563492286 0.9999448063520613
8.27 0.0004039738123149198 0.9999452368940157
8.28 0.00040062485154763577 0.9999456638650506
8.29 0.00039730681084974503 0.9999460872981585
8.3 0.00039401936178570557 0.9999465072259811
8.31 0.00039076217991298334 0.9999469236808142
8.32 0.00038753494472808307 0.9999473366946106
8.33 0.0003843373396133761 0.9999477462989855
8.34 0.0003811690517847103 0.9999481525252202
8.35 0.00037802977223977126 0.9999485554042656
8.36 0.00037491919570723723 0.9999489549667464
8.37 0.00037183702059663467 0.9999493512429657
8.38 0.0003687829489489619 0.9999497442629104
8.39 0.0003657566863880275 0.9999501340562481
8.4 0.00036275794207247375 0.9999505206523407
8.41 0.00035978642864853156 0.9999509040802417
8.42 0.00035684186220344996 0.9999512843687001
8.43 0.0003539239622195897 0.999951661546167
8.44 0.00035103245152921076 0.999952035640797
8.45 0.00034816705626988245 0.9999524066804526
8.459999999999999 0.0003453275058405711 0.9999527746927069
8.47 0.0003425135328583359 0.999953139704847
8.48 0.0003397248731156662 0.9999535017438799
8.49 0.00033696126553843395 0.9999538608365316
8.5 0.0003342224521444379 0.9999542170092537
8.51 0.0003315081780025592 0.9999545702882258
8.52 0.00032881819119250436 0.9999549206993585
8.53 0.0003261522427651012 0.9999552682682965
8.54 0.00032351008670320717 0.999955613020421
8.55 0.00032089147988313314 0.9999559549808547
8.56 0.0003182961820366495 0.9999562941744639
8.57 0.0003157239557135201 0.9999566306258602
8.58 0.00031317456624457683 0.9999569643594058
8.59 0.0003106477817053142 0.9999572953992149
8.6 0.0003081433728800093 0.999957623769157
8.61 0.0003056611132263487 0.9999579494928597
8.62 0.000303200778840556 0.9999582725937117
8.63 0.00030076214842301335 0.9999585930948655
8.64 0.00029834500324437796 0.999958911019239
8.65 0.0002959491271121653 0.9999592263895216
8.66 0.0002935743063378169 0.9999595392281722
8.67 0.00029122032970422184 0.9999598495574258
8.68 0.0002888869884337052 0.9999601573992941
8.69 0.0002865740761564642 0.9999604627755678
8.7 0.0002842813888794499 0.9999607657078209
8.71 0.00028200872495567675 0.9999610662174114
8.72 0.00027975588505397994 0.9999613643254848
8.73 0.00027752267212918064 0.9999616600529766
8.74 0.000275308891392682 0.9999619534206138
8.75 0.0002731143502834642 0.9999622444489176
8.76 0.0002709388584394967 0.9999625331582069
8.77 0.0002687822276695391 0.9999628195685991
8.78 0.00026664427192534386 0.9999631037000135
8.79 0.0002645248072742406 0.9999633855721723
8.8 0.00026242365187210715 0.9999636652046043
8.81 0.00026034062593670694 0.9999639426166461
8.82 0.00025827555172140573 0.9999642178274444
8.83 0.0002562282534892535 0.9999644908559588
8.84 0.00025419855748741183 0.9999647617209633
8.85 0.00025218629192195964 0.9999650304410482
8.86 0.00025019128693301503 0.9999652970346222
8.87 0.0002482133745702351 0.999965561519916
8.88 0.00024625238876862404 0.9999658239149821
8.89 0.00024430816532469756 0.9999660842376976
8.9 0.00024238054187295874 0.9999663425057664
8.91 0.0002404693578627074 0.9999665987367226
8.92 0.00023857445453516422 0.9999668529479281
8.93 0.00023669567490091107 0.9999671051565794
8.94 0.00023483286371763686 0.9999673553797065
8.95 0.0002329858674681935 0.9999676036341751
8.96 0.0002311545343389475 0.9999678499366905
8.97 0.00022933871419842947 0.9999680943037955
8.98 0.00022753825857627593 0.9999683367518764
8.99 0.00022575302064245566 0.9999685772971613
9.0 0.0002239828551867867 0.9999688159557248
9.01 0.00022222761859872067 0.9999690527434874
9.02 0.00022048716884740769 0.9999692876762177
9.03 0.00021876136546204093 0.9999695207695349
9.04 0.0002170500695124496 0.9999697520389096
9.05 0.00021535314358997202 0.9999699814996666
9.06 0.00021367045178858113 0.9999702091669849
9.07 0.00021200185968626095 0.9999704350558996
9.08 0.00021034723432664337 0.9999706591813048
9.09 0.000208706444200891 0.9999708815579543
9.1 0.00020707935922981607 0.9999711022004626
9.11 0.00020546585074625778 0.9999713211233063
9.12 0.0002038657914776742 0.9999715383408279
9.13 0.0002022790555289908 0.9999717538672345
9.14 0.00020070551836566853 0.9999719677165997
9.15 0.00019914505679699258 0.9999721799027174
9.16 0.00019759754895960373 0.9999723904396464
9.17 0.0001960628743012342 0.9999725993412293
9.18 0.00019454091356467073 0.9999728066205655
9.19 0.000193031548771928 0.9999730122912878
9.2 0.00019153466320863144 0.999973216366704
9.21 0.0001900501414086179 0.9999734188599961
9.22 0.00018857786913873434 0.9999736197842258
9.23 0.00018711773338384052 0.9999738191523341
9.24 0.00018566962233200623 0.9999740169771415
9.25 0.00018423342535992427 0.999974213271353
9.26 0.00018280903301849254 0.999974408047554
9.27 0.0001813963370186078 0.9999746013182161
9.28 0.00017999523021713338 0.9999747930956964
9.29 0.00017860560660306563 0.9999749833922374
9.3 0.00017722736128387238 0.9999751722199718
9.31 0.00017586039047202362 0.9999753595909205
9.32 0.00017450459147168895 0.9999755455169946
9.33 0.0001731598626656178 0.9999757300099975
9.34 0.0001718261035021938 0.9999759130816246
9.35 0.00017050321448265488 0.9999760947434653
9.36 0.00016919109714848553 0.999976275007004
9.37 0.0001678896540689741 0.9999764538836218
9.38 0.00016659878882893295 0.9999766313845965
9.39 0.00016531840601658078 0.9999768075211034
9.4 0.0001640484112115887 0.999976982304218
9.41 0.00016278871097326962 0.9999771557449156
9.42 0.00016153921282894217 0.9999773278540731
9.43 0.00016029982526242947 0.9999774986424697
9.44 0.00015907045770271612 0.999977668120788
9.45 0.00015785102051275627 0.9999778362996148
9.46 0.0001566414249784208 0.9999780031894427
9.47 0.00015544158329759727 0.9999781688006694
9.48 0.00015425140856942002 0.999978333143602
9.49 0.0001530708147836582 0.9999784962284538
9.5 0.0001518997168102186 0.9999786580653485
9.51 0.0001507380303888122 0.9999788186643191
9.52 0.00014958567211872904 0.9999789780353107
9.53 0.00014844255944876765 0.9999791361881795
9.54 0.00014730861066727656 0.9999792931326944
9.55 0.0001461837448923397 0.9999794488785382
9.56 0.00014506788206208304 0.9999796034353099
9.57 0.00014396094292510068 0.9999797568125204
9.58 0.00014286284903101786 0.9999799090196004
9.59 0.0001417735227211639 0.9999800600658963
9.6 0.00014069288711937163 0.9999802099606716
9.61 0.00013962086612289546 0.9999803587131105
9.62 0.00013855738439344067 0.9999805063323155
9.63 0.00013750236734831937 0.9999806528273106
9.64 0.0001364557411517089 0.9999807982070398
9.65 0.0001354174327060271 0.9999809424803696
9.66 0.00013438736964341928 0.9999810856560902
9.67 0.0001333654803173568 0.9999812277429136
9.68 0.00013235169379433175 0.9999813687494779
9.69 0.0001313459398456758 0.9999815086843453
9.7 0.00013034814893946712 0.9999816475560044
9.71 0.00012935825223255233 0.9999817853728693
9.72 0.0001283761815626608 0.9999819221432827
9.73 0.00012740186944063228 0.9999820578755151
9.74 0.00012643524904272673 0.9999821925777647
9.75 0.00012547625420304887 0.99998232625816
9.76 0.0001245248194060574 0.9999824589247595
9.77 0.00012358087977917505 0.9999825905855527
9.78 0.00012264437108549234 0.9999827212484601
9.79 0.00012171522971655891 0.9999828509213347
9.8 0.00012079339268527223 0.9999829796119615
9.81 0.00011987879761885767 0.9999831073280604
9.82 0.00011897138275192821 0.9999832340772848
9.83 0.00011807108691964087 0.9999833598672226
9.84 0.00011717784955093494 0.9999834847053972
9.85 0.00011629161066185843 0.9999836085992684
9.86 0.00011541231084897793 0.9999837315562313
9.87 0.0001145398912828679 0.9999838535836207
9.88 0.00011367429370168607 0.9999839746887071
9.89 0.00011281546040483192 0.9999840948787003
9.9 0.0001119633342466764 0.9999842141607497
9.91 0.00011111785863037745 0.999984332541943
9.92 0.00011027897750177225 0.9999844500293088
9.93 0.00010944663534334148 0.9999845666298167
9.94 0.00010862077716825557 0.999984682350378
9.95 0.00010780134851449148 0.9999847971978447
9.96 0.00010698829543902253 0.9999849111790124
9.97 0.00010618156451208257 0.9999850243006193
9.98 0.00010538110281150036 0.9999851365693474
9.99 0.00010458685791710818 0.9999852479918218
10.0 0.00010379877790521318 0.9999853585746137
10.01 0.00010301681134314405 0.9999854683242384
10.02 0.0001022409072838597 0.9999855772471579
10.03 0.00010147101526063328 0.9999856853497789
10.04 0.00010070708528179145 0.9999857926384557
10.05 9.99490678255265e-05 0.9999858991194907
10.06 9.919691383477049e-05 0.9999860047991309
10.07 9.845057471213064e-05 0.9999861096835756
10.08 9.771000231489171e-05 0.9999862137789702
10.09 9.69751489500763e-05 0.999986317091409
10.1 9.624596736956714e-05 0.9999864196269378
10.11 9.552241076528924e-05 0.9999865213915502
10.12 9.48044327644509e-05 0.9999866223911926
10.13 9.409198742484749e-05 0.9999867226317612
10.14 9.338502923021458e-05 0.999986822119103
10.15 9.268351308564562e-05 0.9999869208590182
10.16 9.198739431306142e-05 0.9999870188572592
10.17 9.129662864673916e-05 0.9999871161195303
10.18 9.061117222888868e-05 0.9999872126514903
10.19 8.993098160529127e-05 0.9999873084587503
10.2 8.925601372098884e-05 0.9999874035468769
10.21 8.85862259160201e-05 0.9999874979213892
10.22 8.792157592121774e-05 0.999987591587764
10.23 8.726202185404999e-05 0.9999876845514315
10.24 8.660752221451513e-05 0.9999877768177777
10.25 8.595803588108625e-05 0.9999878683921454
10.26 8.531352210670439e-05 0.9999879592798339
10.27 8.467394051482003e-05 0.9999880494860997
10.28 8.403925109548227e-05 0.9999881390161552
10.29 8.340941420147809e-05 0.9999882278751724
10.3 8.278439054451193e-05 0.99998831606828
10.31 8.216414119144079e-05 0.9999884036005661
10.32 8.154862756054268e-05 0.9999884904770767
10.33 8.093781141784234e-05 0.9999885767028188
10.34 8.033165487347108e-05 0.9999886622827573
10.35 7.973012037807643e-05 0.9999887472218174
10.36 7.913317071927315e-05 0.9999888315248852
10.37 7.854076901813475e-05 0.9999889151968067
10.38 7.79528787257299e-05 0.9999889982423898
10.39 7.736946361969927e-05 0.9999890806664037
10.4 7.679048780087172e-05 0.9999891624735776
10.41 7.62159156899232e-05 0.9999892436686059
10.42 7.564571202407338e-05 0.9999893242561423
10.43 7.50798418538234e-05 0.9999894042408054
10.44 7.451827053973008e-05 0.9999894836271753
10.45 7.396096374922142e-05 0.9999895624197974
10.46 7.340788745344737e-05 0.9999896406231785
10.47 7.285900792416724e-05 0.9999897182417922
10.48 7.231429173067864e-05 0.9999897952800727
10.49 7.177370573677656e-05 0.9999898717424232
10.5 7.123721709775151e-05 0.9999899476332085
10.51 7.070479325742397e-05 0.9999900229567604
10.52 7.01764019452122e-05 0.9999900977173756
10.53 6.965201117323214e-05 0.9999901719193176
10.54 6.913158923343787e-05 0.9999902455668148
10.55 6.861510469478932e-05 0.9999903186640626
10.56 6.810252640045498e-05 0.9999903912152239
10.57 6.759382346504919e-05 0.9999904632244276
10.58 6.708896527190029e-05 0.9999905346957711
10.59 6.65879214703489e-05 0.9999906056333188
10.6 6.60906619730816e-05 0.9999906760411023
10.61 6.559715695349194e-05 0.9999907459231223
10.62 6.510737684307455e-05 0.999990815283349
10.63 6.462129232884755e-05 0.9999908841257187
10.64 6.413887435080675e-05 0.9999909524541393
10.65 6.366009409940767e-05 0.9999910202724858
10.66 6.318492301307771e-05 0.9999910875846052
10.67 6.27133327757576e-05 0.9999911543943122
10.68 6.224529531446837e-05 0.9999912207053921
10.69 6.178078279690952e-05 0.9999912865216015
10.7 6.131976762908383e-05 0.9999913518466664
10.71 6.086222245294768e-05 0.9999914166842842
10.72 6.0408120144091766e-05 0.9999914810381232
10.73 5.9957433809445304e-05 0.999991544911824
10.74 5.951013678500727e-05 0.9999916083089965
10.75 5.9066202633604266e-05 0.9999916712332246
10.76 5.86256051426735e-05 0.9999917336880638
10.77 5.818831832207187e-05 0.9999917956770409
10.78 5.775431640190795e-05 0.9999918572036565
10.79 5.732357383040026e-05 0.9999919182713832
10.8 5.689606527175915e-05 0.9999919788836665
10.81 5.6471765604094e-05 0.9999920390439256
10.82 5.605064991734182e-05 0.9999920987555537
10.83 5.56326935112208e-05 0.999992158021916
10.84 5.5217871893205925e-05 0.9999922168463526
10.85 5.480616077653009e-05 0.999992275232178
10.86 5.439753607820258e-05 0.9999923331826805
10.87 5.39919739170561e-05 0.9999923907011231
10.88 5.358945061180942e-05 0.9999924477907439
10.89 5.31899426791574e-05 0.9999925044547553
10.9 5.2793426831877664e-05 0.9999925606963452
10.91 5.2399879976962017e-05 0.9999926165186773
10.92 5.2009279213765874e-05 0.9999926719248904
10.93 5.1621601832180465e-05 0.9999927269180992
10.94 5.123682531082432e-05 0.9999927815013941
10.95 5.085492731525499e-05 0.9999928356778425
10.96 5.0475885696199576e-05 0.9999928894504874
10.97 5.0099678487807986e-05 0.9999929428223486
10.98 4.972628390592084e-05 0.999992995796423
10.99 4.93556803463615e-05 0.9999930483756847
11.0 4.89878463832416e-05 0.9999931005630833
11.01 4.8622760767290835e-05 0.9999931523615478
11.02 4.8260402424200864e-05 0.9999932037739842
11.03 4.790075045298789e-05 0.9999932548032754
11.04 4.754378412437699e-05 0.9999933054522827
11.05 4.718948287919755e-05 0.999993355723846
11.06 4.683782632680268e-05 0.9999934056207826
11.07 4.648879424350258e-05 0.9999934551458889
11.08 4.6142366571013656e-05 0.9999935043019395
11.09 4.579852341492836e-05 0.9999935530916882
11.1 4.545724504319803e-05 0.999993601517867
11.11 4.5118511884635554e-05 0.9999936495831884
11.12 4.47823045274298e-05 0.9999936972903427
11.13 4.4448603717680955e-05 0.9999937446420009
11.14 4.4117390357947475e-05 0.9999937916408127
11.15 4.378864550581214e-05 0.9999938382894086
11.16 4.346235037246043e-05 0.9999938845903978
11.17 4.313848632127703e-05 0.9999939305463711
11.18 4.28170348664554e-05 0.9999939761598985
11.19 4.249797767162193e-05 0.9999940214335309
11.2 4.2181296548477074e-05 0.9999940663697994
11.21 4.186697345544831e-05 0.9999941109712166
11.22 4.155499049636061e-05 0.9999941552402756
11.23 4.124532991911638e-05 0.9999941991794508
11.24 4.093797411439393e-05 0.9999942427911972
11.25 4.0632905614357756e-05 0.9999942860779517
11.26 4.033010709138262e-05 0.9999943290421335
11.27 4.002956135679069e-05 0.9999943716861412
11.28 3.9731251359602576e-05 0.9999944140123584
11.29 3.9435160185301903e-05 0.9999944560231477
11.3 3.914127105461122e-05 0.9999944977208555
11.31 3.884956732228289e-05 0.9999945391078103
11.32 3.8560032475901834e-05 0.9999945801863225
11.33 3.827265013469864e-05 0.9999946209586852
11.34 3.7987404048379594e-05 0.9999946614271749
11.35 3.770427809596432e-05 0.9999947015940491
11.36 3.742325628463767e-05 0.9999947414615508
11.37 3.714432274861504e-05 0.9999947810319042
11.38 3.68674617480156e-05 0.9999948203073175
11.39 3.6592657667750464e-05 0.9999948592899811
11.4 3.6319895016420985e-05 0.9999948979820709
11.41 3.604915842522948e-05 0.999994936385745
11.42 3.578043264689788e-05 0.999994974503146
11.43 3.551370255460338e-05 0.9999950123363995
11.44 3.5248953140918776e-05 0.9999950498876157
11.45 3.498616951676796e-05 0.9999950871588893
11.46 3.4725336910389815e-05 0.9999951241522981
11.47 3.446644066631473e-05 0.9999951608699049
11.48 3.4209466244348255e-05 0.9999951973137585
11.49 3.39543992185693e-05 0.9999952334858897
11.5 3.3701225276335206e-05 0.9999952693883153
11.51 3.3449930217297644e-05 0.9999953050230374
11.52 3.3200499952430225e-05 0.9999953403920425
11.53 3.295292050306344e-05 0.9999953754973024
11.54 3.270717799993106e-05 0.9999954103407739
11.55 3.246325868222538e-05 0.9999954449243987
11.56 3.2221148896662485e-05 0.999995479250106
11.57 3.1980835096555853e-05 0.9999955133198077
11.58 3.174230384090083e-05 0.9999955471354038
11.59 3.150554179346647e-05 0.9999955806987789
11.6 3.1270535721898656e-05 0.9999956140118033
11.61 3.10372724968292e-05 0.9999956470763335
11.62 3.08057390909969e-05 0.9999956798942132
11.63 3.0575922578374906e-05 0.9999957124672709
11.64 3.0347810133308896e-05 0.999995744797322
11.65 3.012138902966081e-05 0.9999957768861684
11.66 2.9896646639965186e-05 0.9999958087355982
11.67 2.967357043458919e-05 0.9999958403473869
11.68 2.9452147980904818e-05 0.9999958717232956
11.69 2.9232366942466867e-05 0.9999959028650738
11.7 2.9014215078199984e-05 0.9999959337744568
11.71 2.8797680241593372e-05 0.9999959644531666
11.72 2.8582750379903482e-05 0.9999959949029137
11.73 2.8369413533364225e-05 0.999996025125395
11.74 2.815765783440547e-05 0.9999960551222948
11.75 2.7947471506878597e-05 0.9999960848952847
11.76 2.7738842865289188e-05 0.9999961144460249
11.77 2.753176031403853e-05 0.9999961437761616
11.78 2.732621234667128e-05 0.9999961728873308
11.79 2.7122187545130544e-05 0.9999962017811533
11.8 2.6919674579020804e-05 0.9999962304592414
11.81 2.6718662204876838e-05 0.9999962589231927
11.82 2.6519139265441056e-05 0.9999962871745941
11.83 2.6321094688946304e-05 0.999996315215021
11.84 2.6124517488406756e-05 0.9999963430460359
11.85 2.5929396760914574e-05 0.999996370669191
11.86 2.573572168694451e-05 0.9999963980860257
11.87 2.5543481529663666e-05 0.9999964252980686
11.88 2.5352665634248584e-05 0.9999964523068381
11.89 2.5163263427209658e-05 0.999996479113839
11.9 2.4975264415720084e-05 0.9999965057205665
11.91 2.4788658186952244e-05 0.9999965321285046
11.92 2.4603434407421003e-05 0.9999965583391256
11.93 2.44195828223318e-05 0.9999965843538914
11.94 2.4237093254935514e-05 0.9999966101742535
11.95 2.4055955605889804e-05 0.999996635801651
11.96 2.3876159852625697e-05 0.9999966612375145
11.97 2.3697696048720445e-05 0.9999966864832616
11.98 2.352055432327648e-05 0.9999967115403026
11.99 2.3344724880305807e-05 0.9999967364100337
12.0 2.3170197998120005e-05 0.9999967610938435
12.01 2.299696402872636e-05 0.9999967855931087
12.02 2.2825013397229766e-05 0.999996809909197
12.03 2.2654336601238846e-05 0.9999968340434651
12.040000000000001 2.248492421027929e-05 0.9999968579972598
12.05 2.2316766865211535e-05 0.9999968817719185
12.06 2.2149855277653873e-05 0.9999969053687682
12.07 2.1984180229411912e-05 0.9999969287891262
12.08 2.1819732571911172e-05 0.9999969520342992
12.09 2.165650322563738e-05 0.9999969751055863
12.1 2.1494483179579922e-05 0.9999969980042746
12.11 2.133366349068129e-05 0.9999970207316435
12.12 2.1174035283291748e-05 0.9999970432889624
12.13 2.1015589748627965e-05 0.9999970656774909
12.14 2.085831814423814e-05 0.9999970878984793
12.15 2.0702211793469982e-05 0.9999971099531693
12.16 2.0547262084945392e-05 0.999997131842793
12.17 2.0393460472038703e-05 0.9999971535685734
12.18 2.024079847236023e-05 0.9999971751317246
12.19 2.008926766724405e-05 0.9999971965334511
12.2 1.99388597012408e-05 0.99999721777495
12.21 1.9789566281614956e-05 0.9999972388574077
12.22 1.964137917784589e-05 0.9999972597820032
12.23 1.9494290221135044e-05 0.9999972805499062
12.24 1.9348291303915372e-05 0.9999973011622781
12.25 1.920337437936688e-05 0.9999973216202709
12.26 1.9059531460936123e-05 0.9999973419250293
12.27 1.8916754621859134e-05 0.999997362077689
12.28 1.877503599468928e-05 0.9999973820793768
12.290000000000001 1.8634367770829725e-05 0.9999974019312123
12.3 1.8494742200068873e-05 0.9999974216343055
12.31 1.83561515901209e-05 0.99999744118976
12.32 1.821858830617016e-05 0.9999974605986689
12.33 1.808204477041905e-05 0.9999974798621192
12.34 1.794651346164043e-05 0.9999974989811892
12.35 1.7811986914733716e-05 0.9999975179569488
12.36 1.7678457720285294e-05 0.9999975367904608
12.37 1.75459185241317e-05 0.9999975554827799
12.38 1.7414362026928302e-05 0.9999975740349533
12.39 1.728378098372e-05 0.9999975924480192
12.4 1.715416820351693e-05 0.9999976107230096
12.41 1.7025516548872924e-05 0.9999976288609482
12.42 1.689781893546866e-05 0.9999976468628514
12.43 1.6771068331697454e-05 0.9999976647297281
12.44 1.6645257758255055e-05 0.9999976824625796
12.45 1.652038028773342e-05 0.9999977000623996
12.46 1.639642904421681e-05 0.9999977175301756
12.47 1.627339720288289e-05 0.9999977348668857
12.48 1.6151277989605776e-05 0.9999977520735037
12.49 1.603006468056367e-05 0.9999977691509931
12.5 1.590975060184932e-05 0.9999977861003134
12.51 1.5790329129083826e-05 0.9999978029224141
12.52 1.567179368703344e-05 0.9999978196182391
12.53 1.5554137749230815e-05 0.9999978361887264
12.540000000000001 1.543735483759771e-05 0.9999978526348047
12.55 1.5321438522072924e-05 0.9999978689573984
12.56 1.5206382420241314e-05 0.9999978851574233
12.57 1.5092180196967535e-05 0.9999979012357886
12.58 1.4978825564032563e-05 0.9999979171933976
12.59 1.4866312279772273e-05 0.9999979330311469
12.6 1.4754634148720665e-05 0.9999979487499258
12.61 1.464378502125481e-05 0.9999979643506176
12.62 1.4533758793243531e-05 0.999997979834098
12.63 1.442454940569876e-05 0.9999979952012383
12.64 1.4316150844429687e-05 0.9999980104529016
12.65 1.4208557139700055e-05 0.9999980255899459
12.66 1.4101762365888362e-05 0.9999980406132216
12.67 1.3995760641150586e-05 0.9999980555235738
12.68 1.3890546127086119e-05 0.999998070321841
12.69 1.3786113028406286e-05 0.999998085008856
12.7 1.368245559260532e-05 0.9999980995854449
12.71 1.3579568109634944e-05 0.9999981140524271
12.72 1.3477444911580537e-05 0.9999981284106177
12.73 1.337608037234112e-05 0.9999981426608249
12.74 1.3275468907310835e-05 0.9999981568038504
12.75 1.31756049730642e-05 0.9999981708404907
12.76 1.3076483067042832e-05 0.9999981847715365
12.77 1.2978097727246167e-05 0.9999981985977721
12.78 1.2880443531922844e-05 0.9999982123199767
12.790000000000001 1.2783515099266546e-05 0.9999982259389232
12.8 1.2687307087113316e-05 0.9999982394553788
12.81 1.2591814192641083e-05 0.9999982528701057
12.82 1.2497031152072522e-05 0.9999982661838601
12.83 1.2402952740379714e-05 0.9999982793973923
12.84 1.2309573770991458e-05 0.9999982925114479
12.85 1.2216889095503171e-05 0.9999983055267655
12.86 1.2124893603388332e-05 0.9999983184440803
12.87 1.203358222171341e-05 0.9999983312641205
12.88 1.1942949914854446e-05 0.9999983439876099
12.89 1.1852991684215792e-05 0.9999983566152663
12.9 1.1763702567951628e-05 0.9999983691478023
12.91 1.1675077640689416e-05 0.999998381585926
12.92 1.15871120132556e-05 0.9999983939303392
12.93 1.149980083240391e-05 0.9999984061817393
12.94 1.1413139280544963e-05 0.999998418340818
12.95 1.1327122575479154e-05 0.9999984304082629
12.96 1.1241745970131127e-05 0.9999984423847554
12.97 1.1157004752285852e-05 0.9999984542709722
12.98 1.1072894244328108e-05 0.9999984660675859
12.99 1.0989409802982941e-05 0.9999984777752625
13.0 1.090654681905873e-05 0.9999984893946646
13.01 1.0824300717192003e-05 0.9999985009264493
13.02 1.0742666955594707e-05 0.9999985123712686
13.03 1.0661641025803182e-05 0.9999985237297702
13.040000000000001 1.0581218452429051e-05 0.9999985350025969
13.05 1.0501394792912396e-05 0.9999985461903865
13.06 1.0422165637276894e-05 0.9999985572937728
13.07 1.0343526607886298e-05 0.999998568313384
13.08 1.0265473359203957e-05 0.999998579249844
13.09 1.0188001577553046e-05 0.9999985901037726
13.1 1.0111106980879554e-05 0.9999986008757843
13.11 1.0034785318516679e-05 0.9999986115664896
13.12 9.959032370951347e-06 0.999998622176494
13.13 9.883843949592563e-06 0.9999986327063999
13.14 9.80921589654121e-06 0.9999986431568033
13.15 9.735144084362294e-06 0.9999986535282966
13.16 9.66162441585833e-06 0.999998663821469
13.17 9.588652823845165e-06 0.9999986740369033
13.18 9.51622527092883e-06 0.9999986841751796
13.19 9.4443377492848e-06 0.9999986942368729
13.2 9.37298628043873e-06 0.9999987042225545
13.21 9.302166915048545e-06 0.9999987141327913
13.22 9.231875732689133e-06 0.9999987239681453
13.23 9.162108841637647e-06 0.9999987337291757
13.24 9.092862378661358e-06 0.9999987434164369
13.25 9.024132508806472e-06 0.9999987530304786
13.26 8.9559154251893e-06 0.9999987625718474
13.27 8.888207348788445e-06 0.9999987720410859
13.28 8.821004528238896e-06 0.9999987814387321
13.290000000000001 8.754303239627547e-06 0.9999987907653197
13.3 8.688099786290705e-06 0.9999988000213798
13.31 8.622390498612583e-06 0.9999988092074388
13.32 8.55717173382583e-06 0.9999988183240179
13.33 8.492439875813382e-06 0.9999988273716375
13.34 8.428191334911808e-06 0.9999988363508123
13.35 8.364422547716382e-06 0.9999988452620523
13.36 8.301129976887398e-06 0.9999988541058655
13.37 8.238310110958285e-06 0.9999988628827552
13.38 8.175959464144831e-06 0.9999988715932214
13.39 8.114074576156239e-06 0.9999988802377607
13.4 8.052652012007346e-06 0.9999988888168646
13.41 7.991688361832496e-06 0.9999988973310225
13.42 7.93118024070065e-06 0.99999890578072
13.43 7.871124288432073e-06 0.9999989141664379
13.44 7.811517169416367e-06 0.9999989224886554
13.45 7.752355572432009e-06 0.9999989307478467
13.46 7.693636210466766e-06 0.9999989389444822
13.47 7.635355820540464e-06 0.9999989470790307
13.48 7.577511163527882e-06 0.9999989551519556
13.49 7.520099023984193e-06 0.9999989631637176
13.5 7.463116209970767e-06 0.9999989711147742
13.51 7.4065595528830295e-06 0.9999989790055798
13.52 7.350425907278952e-06 0.9999989868365844
13.53 7.294712150709469e-06 0.9999989946082356
13.540000000000001 7.239415183549989e-06 0.9999990023209775
13.55 7.184531928832831e-06 0.9999990099752506
13.56 7.130059332081389e-06 0.9999990175714927
13.57 7.075994361145313e-06 0.9999990251101376
13.58 7.022334006037053e-06 0.9999990325916163
13.59 6.969075278769678e-06 0.9999990400163575
13.6 6.916215213195666e-06 0.9999990473847845
13.61 6.863750864847095e-06 0.99999905469732
13.62 6.8116793107772e-06 0.9999990619543815
13.63 6.759997649402735e-06 0.9999990691563858
13.64 6.70870300034794e-06 0.9999990763037435
13.65 6.657792504289339e-06 0.9999990833968649
13.66 6.607263322801853e-06 0.9999990904361555
13.67 6.557112638206297e-06 0.9999990974220195
13.68 6.5073376534174285e-06 0.9999991043548563
13.69 6.457935591793868e-06 0.9999991112350631
13.7 6.408903696988501e-06 0.9999991180630349
13.71 6.3602392328004755e-06 0.9999991248391623
13.72 6.311939483028087e-06 0.9999991315638346
13.73 6.264001751322661e-06 0.9999991382374372
13.74 6.216423361043931e-06 0.9999991448603526
13.75 6.169201655115953e-06 0.9999991514329605
13.76 6.122333995884604e-06 0.9999991579556391
13.77 6.075817764975803e-06 0.9999991644287621
13.78 6.029650363154947e-06 0.9999991708527011
13.790000000000001 5.983829210187391e-06 0.9999991772278247
13.8 5.9383517446998585e-06 0.9999991835545
13.81 5.893215424043095e-06 0.9999991898330899
13.82 5.848417724155226e-06 0.9999991960639547
13.83 5.803956139426575e-06 0.9999992022474528
13.84 5.759828182564996e-06 0.99999920838394
13.85 5.716031384462617e-06 0.9999992144737682
13.86 5.672563294063289e-06 0.9999992205172882
13.87 5.629421478231226e-06 0.9999992265148472
13.88 5.586603521620508e-06 0.9999992324667907
13.89 5.544107026545497e-06 0.9999992383734606
13.9 5.501929612852471e-06 0.999999244235197
13.91 5.460068917791817e-06 0.9999992500523375
13.92 5.418522595891497e-06 0.9999992558252173
13.93 5.377288318831399e-06 0.9999992615541676
13.94 5.336363775318433e-06 0.9999992672395196
13.95 5.2957466709627496e-06 0.9999992728816012
13.96 5.255434728154763e-06 0.999999278480735
13.97 5.215425685943259e-06 0.9999992840372462
13.98 5.175717299913988e-06 0.9999992895514542
13.99 5.136307342069747e-06 0.9999992950236772
14.0 5.097193600710821e-06 0.9999993004542297
14.01 5.0583738803165504e-06 0.999999305843426
14.02 5.019846001427792e-06 0.999999311191577
14.03 4.981607800530282e-06 0.9999993164989908
14.040000000000001 4.943657129938443e-06 0.9999993217659735
14.05 4.905991857680768e-06 0.9999993269928299
14.06 4.868609867385407e-06 0.9999993321798617
14.07 4.831509058166916e-06 0.9999993373273678
14.08 4.794687344513801e-06 0.9999993424356458
14.09 4.758142656176693e-06 0.9999993475049914
14.1 4.721872938057694e-06 0.9999993525356965
14.11 4.68587615010032e-06 0.9999993575280524
14.12 4.650150267180106e-06 0.9999993624823477
14.13 4.614693278996342e-06 0.9999993673988686
14.14 4.579503189964514e-06 0.9999993722779
14.15 4.544578019109164e-06 0.9999993771197235
14.16 4.509915799958189e-06 0.999999381924619
14.17 4.475514580437319e-06 0.9999993866928656
14.18 4.441372422765686e-06 0.9999993914247386
14.19 4.407487403352123e-06 0.9999993961205116
14.2 4.373857612692116e-06 0.9999994007804577
14.21 4.3404811552656445e-06 0.9999994054048453
14.22 4.3073561494355584e-06 0.9999994099939429
14.23 4.274480727347038e-06 0.9999994145480169
14.24 4.241853034827431e-06 0.9999994190673307
14.25 4.209471231287035e-06 0.9999994235521461
14.26 4.177333489620515e-06 0.999999428002723
14.27 4.1454379961091854e-06 0.9999994324193197
14.28 4.113782950323702e-06 0.9999994368021933
14.290000000000001 4.082366565027819e-06 0.9999994411515962
14.3 4.051187066082621e-06 0.9999994454677821
14.31 4.02024269235151e-06 0.9999994497510012
14.32 3.989531695605862e-06 0.9999994540015017
14.33 3.9590523404315136e-06 0.9999994582195311
14.34 3.928802904135617e-06 0.9999994624053334
14.35 3.898781676654628e-06 0.9999994665591523
14.36 3.8689869604624485e-06 0.9999994706812289
14.37 3.839417070479687e-06 0.9999994747718034
14.38 3.8100703339832473e-06 0.9999994788311126
14.39 3.7809450905168357e-06 0.9999994828593924
14.4 3.752039691801884e-06 0.9999994868568779
14.41 3.7233525016493623e-06 0.9999994908238008
14.42 3.69488189587195e-06 0.9999994947603926
14.43 3.6666262621971553e-06 0.9999994986668816
14.44 3.638584000180771e-06 0.9999995025434951
14.45 3.6107535211212003e-06 0.999999506390459
14.46 3.5831332479741934e-06 0.999999510207997
14.47 3.555721615268449e-06 0.9999995139963321
14.48 3.528517069021556e-06 0.9999995177556843
14.49 3.50151806665676e-06 0.999999521486272
14.5 3.474723076920217e-06 0.9999995251883131
14.51 3.4481305797988496e-06 0.9999995288620238
14.52 3.4217390664389243e-06 0.9999995325076176
14.53 3.3955470390650085e-06 0.9999995361253076
14.540000000000001 3.3695530108997217e-06 0.9999995397153039
14.55 3.343755506083928e-06 0.9999995432778167
14.56 3.3181530595975478e-06 0.9999995468130529
14.57 3.2927442171809818e-06 0.9999995503212195
14.58 3.267527535257037e-06 0.9999995538025209
14.59 3.242501580853506e-06 0.9999995572571602
14.6 3.217664931526174e-06 0.9999995606853396
14.61 3.1930161752825317e-06 0.999999564087258
14.62 3.1685539105059103e-06 0.9999995674631158
14.63 3.1442767458802637e-06 0.999999570813109
14.64 3.120183300315442e-06 0.9999995741374333
14.65 3.0962722028730124e-06 0.999999577436284
14.66 3.0725420926926125e-06 0.9999995807098527
14.67 3.0489916189188917e-06 0.9999995839583316
14.68 3.025619440628887e-06 0.9999995871819102
14.69 3.002424226759929e-06 0.9999995903807768
14.7 2.9794046560382225e-06 0.9999995935551195
14.71 2.956559416907737e-06 0.9999995967051233
14.72 2.9338872074597494e-06 0.9999995998309722
14.73 2.9113867353627855e-06 0.9999996029328497
14.74 2.889056717793223e-06 0.9999996060109375
14.75 2.8668958813662416e-06 0.9999996090654154
14.76 2.8449029620672913e-06 0.9999996120964624
14.77 2.8230767051842117e-06 0.9999996151042561
14.78 2.8014158652396517e-06 0.9999996180889731
14.790000000000001 2.7799192059240113e-06 0.9999996210507874
14.8 2.7585855000289987e-06 0.9999996239898734
14.81 2.7374135293814944e-06 0.9999996269064038
14.82 2.7164020847780395e-06 0.9999996298005486
14.83 2.695549965919648e-06 0.9999996326724776
14.84 2.6748559813471983e-06 0.9999996355223597
14.85 2.6543189483773433e-06 0.9999996383503621
14.86 2.6339376930386464e-06 0.9999996411566503
14.87 2.613711050008459e-06 0.9999996439413895
14.88 2.5936378625500598e-06 0.9999996467047434
14.89 2.5737169824503094e-06 0.9999996494468735
14.9 2.5539472699578186e-06 0.9999996521679414
14.91 2.534327593721415e-06 0.9999996548681064
14.92 2.5148568307291913e-06 0.9999996575475281
14.93 2.4955338662479057e-06 0.9999996602063628
14.94 2.4763575937628763e-06 0.9999996628447673
14.95 2.457326914918289e-06 0.9999996654628975
14.96 2.4384407394579084e-06 0.9999996680609056
14.97 2.4196979851662295e-06 0.9999996706389457
14.98 2.401097577810065e-06 0.99999967319717
14.99 2.3826384510805665e-06 0.999999675735727
15.0 2.36431954653563e-06 0.9999996782547675
15.01 2.3461398135427175e-06 0.9999996807544391
15.02 2.328098209222161e-06 0.9999996832348899
15.03 2.3101936983906674e-06 0.9999996856962657
15.040000000000001 2.292425253505609e-06 0.9999996881387103
15.05 2.2747918546092514e-06 0.999999690562369
15.06 2.257292489273793e-06 0.9999996929673841
15.07 2.2399261525464764e-06 0.9999996953538968
15.08 2.2226918468953644e-06 0.999999697722048
15.09 2.2055885821553175e-06 0.9999997000719781
15.1 2.188615375474422e-06 0.999999702403825
15.11 2.1717712512608337e-06 0.9999997047177259
15.12 2.155055241129927e-06 0.9999997070138174
15.13 2.138466383851953e-06 0.9999997092922359
15.14 2.122003725299908e-06 0.9999997115531144
15.15 2.105666318397939e-06 0.9999997137965873
15.16 2.089453223069973e-06 0.9999997160227869
15.17 2.073363506188824e-06 0.9999997182318445
15.18 2.057396241525641e-06 0.999999720423891
15.19 2.041550509699682e-06 0.9999997225990548
15.2 2.025825398128456e-06 0.9999997247574658
15.21 2.0102200009783188e-06 0.9999997268992502
15.22 1.9947334191152574e-06 0.9999997290245358
15.23 1.979364760056161e-06 0.9999997311334475
15.24 1.964113137920405e-06 0.9999997332261096
15.25 1.9489776733817545e-06 0.9999997353026466
15.26 1.9339574936206413e-06 0.9999997373631808
15.27 1.9190517322768025e-06 0.9999997394078347
15.28 1.9042595294021975e-06 0.9999997414367294
15.290000000000001 1.8895800314143187e-06 0.9999997434499837
15.3 1.8750123910498504e-06 0.9999997454477181
15.31 1.860555767318573e-06 0.9999997474300505
15.32 1.8462093254576954e-06 0.9999997493970979
15.33 1.8319722368864948e-06 0.9999997513489768
15.34 1.8178436791611986e-06 0.9999997532858037
15.35 1.8038228359303318e-06 0.999999755207692
15.36 1.7899088968902518e-06 0.9999997571147567
15.37 1.7761010577411197e-06 0.9999997590071102
15.38 1.7623985201430524e-06 0.9999997608848654
15.39 1.7488004916727524e-06 0.9999997627481331
15.4 1.7353061857803005e-06 0.9999997645970232
15.41 1.7219148217463523e-06 0.9999997664316466
15.42 1.7086256246396283e-06 0.9999997682521118
15.43 1.6954378252746447e-06 0.9999997700585259
15.44 1.6823506601698487e-06 0.9999997718509972
15.45 1.6693633715059811e-06 0.999999773629632
15.46 1.6564752070847553e-06 0.9999997753945351
15.47 1.6436854202878801e-06 0.9999997771458121
15.48 1.6309932700362594e-06 0.9999997788835666
15.49 1.6183980207496617e-06 0.9999997806079027
15.5 1.605898942306475e-06 0.9999997823189211
15.51 1.5934953100039582e-06 0.9999997840167248
15.52 1.5811864045185909e-06 0.9999997857014146
15.53 1.5689715118668648e-06 0.9999997873730906
15.540000000000001 1.5568499233662386e-06 0.9999997890318518
15.55 1.544820935596429e-06 0.9999997906777972
15.56 1.5328838503609972e-06 0.999999792311025
15.57 1.5210379746491818e-06 0.999999793931632
15.58 1.509282620597975e-06 0.9999997955397141
15.59 1.4976171054545632e-06 0.9999997971353684
15.6 1.4860407515389226e-06 0.9999997987186887
15.61 1.474552886206821e-06 0.9999998002897692
15.620000000000001 1.4631528418129233e-06 0.9999998018487042
15.63 1.4518399556743445e-06 0.9999998033955867
15.64 1.4406135700342694e-06 0.999999804930508
15.65 1.4294730320260029e-06 0.9999998064535601
15.66 1.4184176936371824e-06 0.9999998079648335
15.67 1.4074469116742908e-06 0.9999998094644186
15.68 1.3965600477273842e-06 0.9999998109524046
15.69 1.3857564681351212e-06 0.9999998124288803
15.7 1.3750355439500364e-06 0.9999998138939338
15.71 1.3643966509039937e-06 0.9999998153476517
15.72 1.3538391693739995e-06 0.9999998167901223
15.73 1.343362484348176e-06 0.9999998182214307
15.74 1.3329659853920206e-06 0.9999998196416622
15.75 1.3226490666148832e-06 0.9999998210509019
15.76 1.3124111266367357e-06 0.9999998224492336
15.77 1.3022515685550913e-06 0.9999998238367415
15.78 1.2921697999122754e-06 0.9999998252135078
15.790000000000001 1.2821652326627945e-06 0.9999998265796151
15.8 1.272237283141105e-06 0.9999998279351449
15.81 1.2623853720294694e-06 0.9999998292801784
15.82 1.2526089243261092e-06 0.9999998306147958
15.83 1.2429073693135857e-06 0.9999998319390766
15.84 1.2332801405274155e-06 0.9999998332531006
15.85 1.2237266757248759e-06 0.999999834556946
15.86 1.2142464168540864e-06 0.9999998358506907
15.870000000000001 1.2048388100232376e-06 0.9999998371344128
15.88 1.1955033054701444e-06 0.9999998384081881
15.89 1.1862393575319372e-06 0.9999998396720935
15.9 1.1770464246149931e-06 0.9999998409262045
15.91 1.1679239691650957e-06 0.999999842170596
15.92 1.1588714576378007e-06 0.999999843405343
15.93 1.1498883604690239e-06 0.9999998446305192
15.94 1.14097415204584e-06 0.9999998458461976
15.95 1.1321283106774594e-06 0.9999998470524516
15.96 1.1233503185664794e-06 0.9999998482493534
15.97 1.1146396617802832e-06 0.9999998494369743
15.98 1.1059958302226576e-06 0.9999998506153861
15.99 1.097418317605654e-06 0.9999998517846589
16.0 1.0889066214216092e-06 0.9999998529448632
16.01 1.0804602429153856e-06 0.9999998540960682
16.020000000000003 1.0720786870568033e-06 0.9999998552383432
16.03 1.063761462513269e-06 0.9999998563717573
16.040000000000003 1.055508081622642e-06 0.9999998574963777
16.05 1.0473180603662287e-06 0.9999998586122719
16.060000000000002 1.039190918342042e-06 0.9999998597195074
16.07 1.0311261787381804e-06 0.9999998608181506
16.080000000000002 1.023123368306471e-06 0.9999998619082668
16.090000000000003 1.0151820173362601e-06 0.9999998629899224
16.1 1.0073016596284053e-06 0.9999998640631816
16.110000000000003 9.99481832469452e-07 0.9999998651281098
16.12 9.917220766059852e-07 0.9999998661847705
16.130000000000003 9.84021936219195e-07 0.9999998672332271
16.14 9.763809588996265e-07 0.9999998682735426
16.150000000000002 9.687986956220635e-07 0.9999998693057798
16.16 9.612747007206469e-07 0.9999998703299998
16.17 9.5380853186414e-07 0.9999998713462661
16.180000000000003 9.463997500313884e-07 0.9999998723546387
16.19 9.39047919486973e-07 0.9999998733551778
16.200000000000003 9.317526077569848e-07 0.9999998743479446
16.21 9.245133856050656e-07 0.9999998753329983
16.220000000000002 9.173298270084811e-07 0.9999998763103984
16.23 9.102015091345536e-07 0.9999998772802038
16.240000000000002 9.031280123170778e-07 0.9999998782424727
16.250000000000004 8.961089200330509e-07 0.9999998791972631
16.26 8.891438188794836e-07 0.9999998801446328
16.270000000000003 8.822322985504264e-07 0.9999998810846384
16.28 8.753739518141287e-07 0.999999882017337
16.290000000000003 8.685683744903951e-07 0.9999998829427849
16.3 8.618151654280955e-07 0.9999998838610371
16.310000000000002 8.551139264827863e-07 0.9999998847721498
16.32 8.484642624946195e-07 0.9999998856761777
16.330000000000002 8.418657812662495e-07 0.9999998865731745
16.340000000000003 8.353180935410424e-07 0.9999998874631828
16.35 8.288208129813607e-07 0.9999998883462811
16.360000000000003 8.223735561470258e-07 0.9999998892225096
16.37 8.159759424739367e-07 0.9999998900919227
16.380000000000003 8.096275942528745e-07 0.9999998909545714
16.39 8.033281366083822e-07 0.9999998918105087
16.400000000000002 7.970771974778848e-07 0.9999998926597853
16.41 7.908744075909271e-07 0.9999998935024537
16.42 7.847194004485283e-07 0.9999998943385643
16.430000000000003 7.786118123027375e-07 0.999999895168167
16.44 7.725512821363096e-07 0.9999998959913127
16.450000000000003 7.66537451642534e-07 0.9999998968080515
16.46 7.605699652052312e-07 0.9999998976184319
16.470000000000002 7.546484698788284e-07 0.999999898422503
16.48 7.487726153686733e-07 0.9999998992203143
16.490000000000002 7.429420540114255e-07 0.9999999000119126
16.500000000000004 7.37156440755582e-07 0.9999999007973471
16.51 7.314154331422239e-07 0.9999999015766652
16.520000000000003 7.257186912857969e-07 0.9999999023499389
16.53 7.200658778551112e-07 0.9999999031171647
16.540000000000003 7.144566580544373e-07 0.9999999038784144
16.55 7.088906996047695e-07 0.9999999046337333
16.560000000000002 7.033676727251885e-07 0.9999999053831683
16.57 6.97887250114409e-07 0.9999999061267638
16.580000000000002 6.924491069323946e-07 0.9999999068645654
16.590000000000003 6.870529207821661e-07 0.999999907596618
16.6 6.816983716917275e-07 0.9999999083229649
16.610000000000003 6.763851420960984e-07 0.9999999090436513
16.62 6.711129168195107e-07 0.9999999097587202
16.630000000000003 6.65881383057686e-07 0.9999999104682148
16.64 6.606902303603263e-07 0.9999999111721789
16.650000000000002 6.555391506136322e-07 0.9999999118706548
16.66 6.504278380230235e-07 0.9999999125636843
16.67 6.453559890959402e-07 0.9999999132513107
16.680000000000003 6.403233026248062e-07 0.9999999139335742
16.69 6.35329479670085e-07 0.9999999146105172
16.700000000000003 6.303742235434762e-07 0.9999999152821809
16.71 6.254572397912103e-07 0.9999999159486056
16.720000000000002 6.205782361775105e-07 0.999999916609832
16.73 6.157369226681402e-07 0.9999999172659003
16.740000000000002 6.109330114140708e-07 0.9999999179168498
16.750000000000004 6.061662167352756e-07 0.9999999185627205
16.76 6.014362551046574e-07 0.999999919203552
16.770000000000003 5.967428451320566e-07 0.9999999198393826
16.78 5.920857075484115e-07 0.9999999204702509
16.790000000000003 5.874645651900146e-07 0.9999999210961962
16.8 5.828791429829045e-07 0.999999921717255
16.810000000000002 5.78329167927313e-07 0.9999999223334669
16.82 5.738143690823173e-07 0.9999999229448681
16.830000000000002 5.693344775505193e-07 0.9999999235514958
16.840000000000003 5.648892264629064e-07 0.999999924153388
16.85 5.604783509637508e-07 0.99999992475058
16.860000000000003 5.561015881956878e-07 0.9999999253431088
16.87 5.517586772848487e-07 0.9999999259310105
16.880000000000003 5.474493593261378e-07 0.9999999265143207
16.89 5.431733773686045e-07 0.9999999270930753
16.900000000000002 5.389304764009221e-07 0.999999927667309
16.91 5.347204033369736e-07 0.9999999282370567
16.92 5.305429070015217e-07 0.9999999288023537
16.930000000000003 5.263977381160388e-07 0.9999999293632342
16.94 5.222846492845735e-07 0.9999999299197322
16.950000000000003 5.182033949797654e-07 0.9999999304718822
16.96 5.141537315289642e-07 0.9999999310197172
16.970000000000002 5.101354171003891e-07 0.9999999315632703
16.98 5.061482116894854e-07 0.9999999321025758
16.990000000000002 5.021918771053028e-07 0.9999999326376655
17.000000000000004 4.982661769570002e-07 0.9999999331685725
17.01 4.943708766404562e-07 0.9999999336953296
17.020000000000003 4.905057433249735e-07 0.9999999342179682
17.03 4.866705459400678e-07 0.9999999347365204
17.040000000000003 4.828650551623732e-07 0.9999999352510185
17.05 4.790890434026308e-07 0.9999999357614924
17.060000000000002 4.75342284792768e-07 0.9999999362679752
17.07 4.716245551730843e-07 0.999999936770496
17.080000000000002 4.6793563207952584e-07 0.9999999372690869
17.090000000000003 4.642752947310614e-07 0.9999999377637777
17.1 4.6064332401712575e-07 0.9999999382545989
17.110000000000003 4.570395024851834e-07 0.9999999387415803
17.12 4.53463614328368e-07 0.9999999392247517
17.130000000000003 4.4991544537321345e-07 0.999999939704142
17.14 4.46394783067487e-07 0.999999940179782
17.150000000000002 4.4290141646808897e-07 0.9999999406516996
17.160000000000004 4.394351362290634e-07 0.9999999411199236
17.17 4.359957345896815e-07 0.9999999415844835
17.180000000000003 4.325830053626186e-07 0.9999999420454071
17.19 4.2919674392222115e-07 0.9999999425027226
17.200000000000003 4.2583674719284935e-07 0.999999942956458
17.21 4.225028136373166e-07 0.9999999434066417
17.220000000000002 4.1919474324540676e-07 0.9999999438532999
17.23 4.15912337522477e-07 0.9999999442964616
17.240000000000002 4.1265539947814213e-07 0.9999999447361525
17.250000000000004 4.094237336150539e-07 0.9999999451724003
17.26 4.062171459177353e-07 0.9999999456052322
17.270000000000003 4.030354438415377e-07 0.9999999460346732
17.28 3.998784363016371e-07 0.9999999464607506
17.290000000000003 3.96745933662138e-07 0.9999999468834904
17.3 3.936377477252474e-07 0.9999999473029189
17.310000000000002 3.9055369172053287e-07 0.999999947719061
17.32 3.8749358029424633e-07 0.9999999481319427
17.330000000000002 3.844572294987588e-07 0.9999999485415891
17.340000000000003 3.8144445678202044e-07 0.9999999489480258
17.35 3.784550809771603e-07 0.9999999493512771
17.360000000000003 3.7548892229209724e-07 0.999999949751368
17.37 3.725458022992858e-07 0.9999999501483233
17.380000000000003 3.696255439255009e-07 0.9999999505421668
17.39 3.667279714417176e-07 0.9999999509329233
17.400000000000002 3.638529104530312e-07 0.9999999513206166
17.410000000000004 3.610001878887101e-07 0.9999999517052701
17.42 3.5816963199226545e-07 0.9999999520869074
17.430000000000003 3.553610723116244e-07 0.9999999524655526
17.44 3.5257433968936746e-07 0.9999999528412283
17.450000000000003 3.498092662530295e-07 0.9999999532139583
17.46 3.470656854054997e-07 0.9999999535837645
17.470000000000002 3.4434343181544786e-07 0.9999999539506705
17.48 3.416423414078705e-07 0.9999999543146988
17.490000000000002 3.38962251354663e-07 0.9999999546758709
17.500000000000004 3.3630300006529257e-07 0.9999999550342099
17.51 3.3366442717752106e-07 0.9999999553897377
17.520000000000003 3.3104637354820794e-07 0.9999999557424758
17.53 3.2844868124417184e-07 0.9999999560924462
17.540000000000003 3.2587119353312193e-07 0.9999999564396702
17.55 3.23313754874666e-07 0.9999999567841691
17.560000000000002 3.2077621091135944e-07 0.9999999571259648
17.57 3.1825840845986746e-07 0.9999999574650774
17.580000000000002 3.1576019550211847e-07 0.9999999578015284
17.590000000000003 3.1328142117660746e-07 0.999999958135338
17.6 3.108219357696987e-07 0.9999999584665273
17.610000000000003 3.0838159070702826e-07 0.9999999587951162
17.62 3.0596023854494456e-07 0.9999999591211254
17.630000000000003 3.0355773296203734e-07 0.9999999594445746
17.64 3.011739287507107e-07 0.999999959765484
17.650000000000002 2.9880868180882725e-07 0.9999999600838733
17.660000000000004 2.9646184913140984e-07 0.9999999603997619
17.67 2.9413328880240984e-07 0.9999999607131698
17.680000000000003 2.918228599865247e-07 0.9999999610241155
17.69 2.895304229210891e-07 0.9999999613326185
17.700000000000003 2.8725583890802253e-07 0.9999999616386985
17.71 2.8499897030582584e-07 0.9999999619423736
17.720000000000002 2.827596805216548e-07 0.9999999622436626
17.73 2.805378340034399e-07 0.9999999625425847
17.740000000000002 2.783332962320572e-07 0.9999999628391575
17.750000000000004 2.761459337135817e-07 0.9999999631333992
17.76 2.7397561397157563e-07 0.9999999634253294
17.770000000000003 2.7182220553944173e-07 0.9999999637149647
17.78 2.696855779528321e-07 0.9999999640023235
17.790000000000003 2.675656017421179e-07 0.9999999642874231
17.8 2.65462148424904e-07 0.9999999645702815
17.810000000000002 2.633750904986097e-07 0.9999999648509169
17.82 2.6130430143309824e-07 0.9999999651293452
17.830000000000002 2.5924965566336763e-07 0.9999999654055844
17.840000000000003 2.5721102858227933e-07 0.9999999656796515
17.85 2.5518829653337015e-07 0.9999999659515635
17.860000000000003 2.5318133680367293e-07 0.9999999662213372
17.87 2.511900276166482e-07 0.9999999664889889
17.880000000000003 2.492142481251047e-07 0.9999999667545353
17.89 2.47253878404233e-07 0.9999999670179933
17.900000000000002 2.4530879944464047e-07 0.9999999672793786
17.910000000000004 2.4337889314547035e-07 0.9999999675387075
17.92 2.414640423075551e-07 0.9999999677959964
17.930000000000003 2.395641306266303e-07 0.9999999680512605
17.94 2.376790426865932e-07 0.9999999683045163
17.950000000000003 2.358086639528085e-07 0.9999999685557792
17.96 2.3395288076547804e-07 0.9999999688050648
17.970000000000002 2.3211158033303495e-07 0.9999999690523883
17.98 2.302846507256133e-07 0.9999999692977654
17.990000000000002 2.2847198086854916e-07 0.9999999695412113
18.000000000000004 2.2667346053593255e-07 0.9999999697827403
18.01 2.2488898034421416e-07 0.9999999700223684
18.020000000000003 2.2311843174585526e-07 0.9999999702601097
18.03 2.2136170702301536e-07 0.9999999704959797
18.040000000000003 2.196186992813065e-07 0.9999999707299919
18.05 2.1788930244357544e-07 0.9999999709621614
18.060000000000002 2.161734112437418e-07 0.9999999711925032
18.07 2.1447092122068302e-07 0.9999999714210309
18.080000000000002 2.1278172871215552e-07 0.9999999716477581
18.090000000000003 2.1110573084876702e-07 0.9999999718726997
18.1 2.094428255480006e-07 0.99999997209587
18.110000000000003 2.0779291150826605e-07 0.9999999723172819
18.12 2.061558882030142e-07 0.9999999725369498
18.130000000000003 2.0453165587487853e-07 0.9999999727548868
18.14 2.0292011552987344e-07 0.9999999729711069
18.150000000000002 2.013211689316255e-07 0.9999999731856233
18.160000000000004 1.9973471859565376e-07 0.999999973398449
18.17 1.9816066778369495e-07 0.9999999736095979
18.180000000000003 1.9659892049805858e-07 0.9999999738190827
18.19 1.9504938147603852e-07 0.9999999740269163
18.200000000000003 1.935119561843567e-07 0.9999999742331118
18.21 1.9198655081365484e-07 0.999999974437682
18.220000000000002 1.9047307227301638e-07 0.9999999746406394
18.23 1.8897142818454876e-07 0.9999999748419974
18.240000000000002 1.874815268779773e-07 0.9999999750417672
18.250000000000004 1.8600327738530827e-07 0.9999999752399622
18.26 1.8453658943551403e-07 0.9999999754365945
18.270000000000003 1.8308137344926381e-07 0.9999999756316762
18.28 1.816375405336923e-07 0.999999975825219
18.290000000000003 1.8020500247720526e-07 0.9999999760171122
18.3 1.7878367174433062e-07 0.9999999762075885
18.310000000000002 1.773734614705983e-07 0.999999976396563
18.32 1.7597428545746917e-07 0.9999999765840447
18.330000000000002 1.74586058167287e-07 0.9999999767702765
18.340000000000003 1.7320869471828722e-07 0.999999976954839
18.35 1.718421108796235e-07 0.9999999771379448
18.360000000000003 1.7048622306644497e-07 0.9999999773196062
18.37 1.6914094833500745e-07 0.9999999774998342
18.380000000000003 1.6780620437781342e-07 0.9999999776786398
18.39 1.6648190951879657e-07 0.9999999778560347
18.400000000000002 1.6516798270854333e-07 0.9999999780320292
18.410000000000004 1.638643435195394e-07 0.9999999782066348
18.42 1.625709121414649e-07 0.9999999783798625
18.430000000000003 1.6128760937651508e-07 0.9999999785517225
18.44 1.6001435663476073e-07 0.9999999787222261
18.450000000000003 1.587510759295405e-07 0.9999999788913831
18.46 1.574976898728913e-07 0.9999999790592053
18.470000000000002 1.5625412167100532e-07 0.9999999792257018
18.48 1.550202951197337e-07 0.999999979390884
18.490000000000002 1.537961346001088e-07 0.999999979554762
18.500000000000004 1.5258156507391055e-07 0.9999999797173454
18.51 1.5137651207926388e-07 0.9999999798786454
18.520000000000003 1.501809017262635e-07 0.9999999800386706
18.53 1.4899466069264137e-07 0.9999999801974323
18.540000000000003 1.4781771621945285e-07 0.9999999803549403
18.55 1.466499961068129e-07 0.9999999805112031
18.560000000000002 1.454914287096461e-07 0.9999999806662324
18.57 1.4434194293347738e-07 0.9999999808200364
18.580000000000002 1.4320146823025856e-07 0.9999999809726255
18.590000000000003 1.4206993459421746e-07 0.9999999811240088
18.6 1.4094727255773968e-07 0.9999999812741958
18.610000000000003 1.398334131872877e-07 0.9999999814231955
18.62 1.3872828807934016e-07 0.9999999815710187
18.630000000000003 1.3763182935637213e-07 0.9999999817176729
18.64 1.3654396966285667e-07 0.9999999818631681
18.650000000000002 1.3546464216130453e-07 0.9999999820075135
18.660000000000004 1.3439378052832373e-07 0.9999999821507176
18.67 1.3333131895071876e-07 0.9999999822927899
18.680000000000003 1.322771921216099e-07 0.9999999824337388
18.69 1.3123133523658992e-07 0.9999999825735731
18.700000000000003 1.301936839899017e-07 0.999999982712302
18.71 1.2916417457065115e-07 0.999999982849934
18.720000000000002 1.28142743659045e-07 0.9999999829864773
18.73 1.2712932842265483e-07 0.9999999831219413
18.740000000000002 1.261238665127179e-07 0.9999999832563335
18.750000000000004 1.2512629606044945e-07 0.9999999833896627
18.76 1.241365556734047e-07 0.9999999835219376
18.770000000000003 1.2315458443184524e-07 0.9999999836531662
18.78 1.221803218851476e-07 0.9999999837833569
18.790000000000003 1.2121370804823963e-07 0.9999999839125171
18.8 1.202546833980504e-07 0.9999999840406558
18.810000000000002 1.193031888699965e-07 0.9999999841677809
18.82 1.1835916585449904e-07 0.9999999842938994
18.830000000000002 1.1742255619351449e-07 0.9999999844190202
18.840000000000003 1.1649330217709923e-07 0.9999999845431509
18.85 1.1557134654000039e-07 0.9999999846662994
18.860000000000003 1.1465663245826826e-07 0.9999999847884727
18.87 1.1374910354589857e-07 0.9999999849096799
18.880000000000003 1.1284870385149357e-07 0.999999985029927
18.89 1.119553778549574e-07 0.9999999851492225
18.900000000000002 1.1106907046420671e-07 0.9999999852675735
18.910000000000004 1.1018972701191205e-07 0.9999999853849875
18.92 1.0931729325226426e-07 0.9999999855014723
18.930000000000003 1.0845171535775703e-07 0.9999999856170343
18.94 1.0759293991600625e-07 0.9999999857316813
18.950000000000003 1.0674091392658128e-07 0.9999999858454207
18.96 1.0589558479787028e-07 0.9999999859582592
18.970000000000002 1.050569003439567e-07 0.999999986070204
18.98 1.0422480878153659e-07 0.9999999861812624
18.990000000000002 1.033992587268371e-07 0.999999986291441
19.000000000000004 1.0258019919258282e-07 0.9999999864007468
19.01 1.017675795849624e-07 0.9999999865091869
19.020000000000003 1.0096134970063218e-07 0.9999999866167679
19.03 1.0016145972373715e-07 0.9999999867234963
19.040000000000003 9.936786022295556e-08 0.9999999868293795
19.05 9.858050214856439e-08 0.9999999869344236
19.060000000000002 9.779933682952999e-08 0.9999999870386352
19.07 9.702431597061505e-08 0.9999999871420213
19.080000000000002 9.62553916495142e-08 0.9999999872445877
19.090000000000003 9.549251631400472e-08 0.9999999873463413
19.1 9.473564277912451e-08 0.9999999874472881
19.110000000000003 9.398472422436664e-08 0.9999999875474357
19.12 9.323971419089717e-08 0.9999999876467891
19.130000000000003 9.250056657879329e-08 0.9999999877453547
19.14 9.176723564430572e-08 0.9999999878431389
19.150000000000002 9.103967599713249e-08 0.9999999879401482
19.160000000000004 9.031784259772395e-08 0.9999999880363882
19.17 8.960169075460392e-08 0.9999999881318646
19.180000000000003 8.889117612170802e-08 0.9999999882265844
19.19 8.81862546957446e-08 0.9999999883205533
19.200000000000003 8.74868828135789e-08 0.9999999884137766
19.21 8.679301714962853e-08 0.9999999885062607
19.220000000000002 8.610461471328878e-08 0.9999999885980112
19.23 8.54216328463696e-08 0.9999999886890338
19.240000000000002 8.474402922055304e-08 0.9999999887793346
19.250000000000004 8.407176183487517e-08 0.9999999888689193
19.26 8.340478901321938e-08 0.9999999889577929
19.270000000000003 8.27430694018353e-08 0.9999999890459619
19.28 8.20865619668723e-08 0.9999999891334307
19.290000000000003 8.1435225991931e-08 0.9999999892202062
19.3 8.078902107563902e-08 0.9999999893062923
19.310000000000002 8.01479071292379e-08 0.9999999893916959
19.32 7.951184437419223e-08 0.9999999894764218
19.330000000000002 7.888079333981627e-08 0.999999989560475
19.340000000000003 7.82547148609179e-08 0.999999989643861
19.35 7.763357007546152e-08 0.9999999897265851
19.360000000000003 7.701732042224503e-08 0.9999999898086527
19.37 7.640592763860141e-08 0.9999999898900691
19.380000000000003 7.579935375810939e-08 0.999999989970839
19.39 7.519756110832762e-08 0.9999999900509678
19.400000000000002 7.460051230854235e-08 0.9999999901304601
19.410000000000004 7.400817026753396e-08 0.9999999902093212
19.42 7.342049818136006e-08 0.9999999902875564
19.430000000000003 7.28374595311557e-08 0.9999999903651703
19.44 7.225901808094813e-08 0.9999999904421676
19.450000000000003 7.168513787548953e-08 0.9999999905185538
19.46 7.1115783238109e-08 0.9999999905943332
19.470000000000002 7.055091876857362e-08 0.9999999906695104
19.48 6.999050934097486e-08 0.9999999907440906
19.490000000000002 6.94345201016215e-08 0.9999999908180786
19.500000000000004 6.888291646695674e-08 0.9999999908914785
19.51 6.833566412148478e-08 0.9999999909642956
19.520000000000003 6.779272901571903e-08 0.9999999910365343
19.53 6.725407736413804e-08 0.9999999911081985
19.540000000000003 6.671967564316614e-08 0.9999999911792936
19.55 6.618949058916109e-08 0.9999999912498237
19.560000000000002 6.566348919642258e-08 0.9999999913197931
19.57 6.514163871521347e-08 0.9999999913892069
19.580000000000002 6.462390664979466e-08 0.999999991458069
19.590000000000003 6.41102607564796e-08 0.9999999915263834
19.6 6.360066904169708e-08 0.9999999915941551
19.610000000000003 6.309509976007469e-08 0.9999999916613875
19.62 6.259352141253168e-08 0.9999999917280862
19.630000000000003 6.209590274439159e-08 0.9999999917942545
19.64 6.160221274350351e-08 0.9999999918598966
19.650000000000002 6.1112420638382e-08 0.9999999919250167
19.660000000000004 6.062649589635954e-08 0.9999999919896194
19.67 6.014440822175211e-08 0.9999999920537079
19.680000000000003 5.966612755403983e-08 0.9999999921172871
19.69 5.919162406606171e-08 0.9999999921803608
19.700000000000003 5.8720868162221696e-08 0.9999999922429327
19.71 5.825383047671191e-08 0.9999999923050067
19.720000000000002 5.779048187174636e-08 0.9999999923665873
19.73 5.7330793435810915e-08 0.9999999924276782
19.740000000000002 5.6874736481920964e-08 0.9999999924882831
19.750000000000004 5.6422282545900986e-08 0.9999999925484058
19.76 5.5973403384669584e-08 0.9999999926080498
19.770000000000003 5.552807097454006e-08 0.9999999926672197
19.78 5.508625750953553e-08 0.9999999927259186
19.790000000000003 5.464793539971373e-08 0.9999999927841505
19.8 5.421307726950838e-08 0.9999999928419192
19.810000000000002 5.3781655956079635e-08 0.999999992899228
19.82 5.335364450767759e-08 0.9999999929560811
19.830000000000002 5.292901618202123e-08 0.9999999930124814
19.840000000000003 5.250774444468569e-08 0.9999999930684328
19.85 5.2089802967504665e-08 0.9999999931239393
19.860000000000003 5.1675165626982126e-08 0.9999999931790035
19.87 5.126380650272037e-08 0.9999999932336294
19.880000000000003 5.085569987585575e-08 0.9999999932878205
19.89 5.0450820227508644e-08 0.9999999933415803
19.900000000000002 5.00491422372428e-08 0.9999999933949122
19.910000000000004 4.965064078154243e-08 0.999999993447819
19.92 4.925529093229156e-08 0.9999999935003049
19.930000000000003 4.886306795527339e-08 0.9999999935523727
19.94 4.8473947308676376e-08 0.9999999936040259
19.950000000000003 4.808790464161355e-08 0.999999993655268
19.96 4.770491579265138e-08 0.9999999937061018
19.970000000000002 4.732495678835165e-08 0.9999999937565304
19.98 4.6948003841825245e-08 0.9999999938065577
19.990000000000002 4.657403335129234e-08 0.9999999938561868
20.000000000000004 4.620302189865862e-08 0.99999999390542
