D prob percentile
0.101 0.0 0.0
0.10200000000000001 0.0 0.0
0.10300000000000001 0.0 0.0
0.10400000000000001 0.0 0.0
0.10500000000000001 0.0 0.0
0.10600000000000001 0.0 0.0
0.10700000000000001 0.0 0.0
0.10800000000000001 0.0 0.0
0.10900000000000001 0.0 0.0
0.11000000000000001 0.0 0.0
0.11100000000000002 0.0 0.0
0.11200000000000002 0.0 0.0
0.11300000000000002 0.0 0.0
0.11400000000000002 0.0 0.0
0.11500000000000002 0.0 0.0
0.11600000000000002 0.0 0.0
0.11700000000000002 0.0 0.0
0.11800000000000002 0.0 0.0
0.11900000000000002 0.0 0.0
0.12000000000000002 0.0 0.0
0.12100000000000002 0.0 0.0
0.12200000000000003 0.0 0.0
0.12300000000000003 0.0 0.0
0.12400000000000003 0.0 0.0
0.12500000000000003 0.0 0.0
0.12600000000000003 0.0 0.0
0.12700000000000003 0.0 0.0
0.12800000000000003 0.0 0.0
0.12900000000000003 0.0 0.0
0.13000000000000003 0.0 0.0
0.13100000000000003 0.0 0.0
0.13200000000000003 0.0 0.0
0.13300000000000003 0.0 0.0
0.13400000000000004 0.0 0.0
0.13500000000000004 0.0 0.0
0.13600000000000004 0.0 0.0
0.13700000000000004 0.0 0.0
0.13800000000000004 0.0 0.0
0.13900000000000004 0.0 0.0
0.14000000000000004 0.0 0.0
0.14100000000000004 0.0 0.0
0.14200000000000004 0.0 0.0
0.14300000000000004 0.0 0.0
0.14400000000000004 0.0 0.0
0.14500000000000005 0.0 0.0
0.14600000000000005 0.0 0.0
0.14700000000000005 0.0 0.0
0.14800000000000005 0.0 0.0
0.14900000000000005 0.0 0.0
0.15000000000000005 0.0 0.0
0.15100000000000005 0.0 0.0
0.15200000000000005 0.0 0.0
0.15300000000000005 0.0 0.0
0.15400000000000005 0.0 0.0
0.15500000000000005 0.0 0.0
0.15600000000000006 0.0 0.0
0.15700000000000006 0.0 0.0
0.15800000000000006 0.0 0.0
0.15900000000000006 0.0 0.0
0.16000000000000006 0.0 0.0
0.16100000000000006 0.0 0.0
0.16200000000000006 0.0 0.0
0.16300000000000006 0.0 0.0
0.16400000000000006 0.0 0.0
0.16500000000000006 0.0 0.0
0.16600000000000006 0.0 0.0
0.16700000000000007 0.0 0.0
0.16800000000000007 0.0 0.0
0.16900000000000007 0.0 0.0
0.17000000000000007 0.0 0.0
0.17100000000000007 0.0 0.0
0.17200000000000007 0.0 0.0
0.17300000000000007 0.0 0.0
0.17400000000000007 0.0 0.0
0.17500000000000007 0.0 0.0
0.17600000000000007 0.0 0.0
0.17700000000000007 0.0 0.0
0.17800000000000007 0.0 0.0
0.17900000000000008 0.0 0.0
0.18000000000000008 0.0 0.0
0.18100000000000008 0.0 0.0
0.18200000000000008 0.0 0.0
0.18300000000000008 0.0 0.0
0.18400000000000008 0.0 0.0
0.18500000000000008 0.0 0.0
0.18600000000000008 0.0 0.0
0.18700000000000008 0.0 0.0
0.18800000000000008 4e-323 0.0
0.18900000000000008 2.472874367e-315 5.23455e-318
0.19000000000000009 1.0307004813405963e-307 2.33717766233383e-310
0.1910000000000001 2.8920223602064095e-300 7.016487670702065e-303
0.1920000000000001 5.514753849679288e-293 1.4299242335389532e-295
0.1930000000000001 7.212863042125998e-286 1.9965668033021454e-288
0.1940000000000001 6.5288537932893865e-279 1.9272283336453757e-281
0.1950000000000001 4.1256939425689436e-272 1.2973410114811725e-274
0.1960000000000001 1.8355528578473897e-265 6.142364223596679e-268
0.1970000000000001 5.797287747289402e-259 2.0623634303831485e-261
0.1980000000000001 1.310242180880875e-252 4.950316989646469e-255
0.1990000000000001 2.135665612214685e-246 8.561191954311345e-249
0.2000000000000001 2.5296741404756863e-240 1.0749106621694063e-242
0.2010000000000001 2.193570512365122e-234 9.871020270136542e-237
0.2020000000000001 1.4025374603783458e-228 6.677774959899543e-231
0.2030000000000001 6.6587104983711815e-223 3.3514031511592154e-225
0.2040000000000001 2.3633872208961552e-217 1.2563509431952617e-219
0.2050000000000001 6.31286991903433e-212 3.5413638085384126e-214
0.2060000000000001 1.2772277646034873e-206 7.554666620519991e-209
0.2070000000000001 1.9696465020092727e-201 1.2273869494552087e-203
0.2080000000000001 2.3294011741568187e-196 1.5280373441161788e-198
0.2090000000000001 2.12532278465896e-191 1.466453424670516e-193
0.2100000000000001 1.5047059729279385e-186 1.0912212310612822e-188
0.2110000000000001 8.31344550940989e-182 6.331852448132134e-184
0.2120000000000001 3.6041809003959715e-177 2.8808603219202486e-179
0.2130000000000001 1.2327087499246111e-172 1.033298257706642e-174
0.2140000000000001 3.3436099685397136e-168 2.937111104919671e-170
0.2150000000000001 7.229149364570931e-164 6.650090510951543e-166
0.2160000000000001 1.2520869856511724e-159 1.2053480470864057e-161
0.2170000000000001 1.7456712536036893e-155 1.7574617704544773e-157
0.2180000000000001 1.9684449167817333e-151 2.071122154953905e-153
0.2190000000000001 1.803507238895175e-147 1.9818852933744306e-149
0.2200000000000001 1.3486447133522217e-143 1.5468955576583538e-145
0.2210000000000001 8.267327907115286e-140 9.89148330466338e-142
0.22200000000000011 4.172311073146912e-136 5.204044950593242e-138
0.22300000000000011 1.740774288885452e-132 2.262118625714868e-134
0.22400000000000012 6.028767798822034e-129 8.157471416347762e-131
0.22500000000000012 1.7400348306636834e-125 2.4501325263145814e-127
0.22600000000000012 4.2015713605546597e-122 6.153234557642986e-124
0.22700000000000012 8.519819772622804e-119 1.2970076578312125e-120
0.22800000000000012 1.456179213005137e-115 2.3030982574827943e-117
0.22900000000000012 2.1053652221848837e-112 3.457645161442793e-114
0.23000000000000012 2.584004788228405e-109 4.404292349414214e-111
0.23100000000000012 2.7014761004891486e-106 4.776314855743274e-108
0.23200000000000012 2.41381634605125e-103 4.4247504404040426e-105
0.23300000000000012 1.8493603096057628e-100 3.5130727829021564e-102
0.23400000000000012 1.218817080593947e-97 2.3981595620698645e-99
0.23500000000000013 6.93119542373257e-95 1.411949063870696e-96
0.23600000000000013 3.4115490282186975e-92 7.191770128346823e-94
0.23700000000000013 1.457670541336875e-89 3.1785083029221e-91
0.23800000000000013 5.422403765973999e-87 1.2224938373321298e-88
0.23900000000000013 1.7610848398847064e-84 4.103378722087241e-86
0.24000000000000013 5.007575049208143e-82 1.2053566164636351e-83
0.24100000000000013 1.2499958321231032e-79 3.10705079923377e-81
0.24200000000000013 2.746450543795884e-77 7.04681592165564e-79
0.24300000000000013 5.325238983146898e-75 1.4098601782308425e-76
0.24400000000000013 9.134966605864443e-73 2.494589031203715e-74
0.24500000000000013 1.3897828007609925e-70 3.913256681211093e-72
0.24600000000000014 1.879777062352371e-68 5.455648852059326e-70
0.24700000000000014 2.2657340956852022e-66 6.7756680855859e-68
0.24800000000000014 2.4392452101938645e-64 7.513832286824569e-66
0.24900000000000014 2.3508463959125936e-62 7.456899343082718e-64
0.2500000000000001 2.0326932104425215e-60 6.6375000722198555e-62
0.2510000000000001 1.5802778792975971e-58 5.310570974445086e-60
0.2520000000000001 1.1069388978348526e-56 3.827266429719678e-58
0.2530000000000001 7.000623482872577e-55 2.4897017361305354e-56
0.2540000000000001 4.0054130080862216e-53 1.4648661069487137e-54
0.2550000000000001 2.0773555322722608e-51 7.810922855240917e-53
0.2560000000000001 9.785071834631334e-50 3.7818463763340494e-51
0.2570000000000001 4.1939701555927866e-48 1.6658189503943885e-49
0.2580000000000001 1.6386849315911359e-46 6.687776843926233e-48
0.2590000000000001 5.847331527569235e-45 2.451638033082308e-46
0.2600000000000001 1.9088794946263895e-43 8.221013592927072e-45
0.2610000000000001 5.7109419326399585e-42 2.5260757746489165e-43
0.2620000000000001 1.5684808222643534e-40 7.124609177442321e-42
0.2630000000000001 3.961056284523703e-39 1.847547315086415e-40
0.2640000000000001 9.213102846945895e-38 4.412259282514692e-39
0.2650000000000001 1.976750029555364e-36 9.719720087382827e-38
0.2660000000000001 3.9185171729247574e-35 1.9781340986378808e-36
0.2670000000000001 7.187451426352738e-34 3.72507364088299e-35
0.2680000000000001 1.2216769191123555e-32 6.500479243262057e-34
0.26900000000000013 1.9270706833361675e-31 1.05275690907805e-32
0.27000000000000013 2.824990986364878e-30 1.5845676706001796e-31
0.27100000000000013 3.8540738563582485e-29 2.2197722830627298e-30
0.27200000000000013 4.900036666075427e-28 2.898167531974218e-29
0.27300000000000013 5.8134699237385335e-27 3.531394627294865e-28
0.27400000000000013 6.444612116391507e-26 4.021194216941742e-27
0.27500000000000013 6.6840563200173e-25 4.2846615606589965e-26
0.27600000000000013 6.493975221790142e-24 4.277459282977371e-25
0.27700000000000014 5.91755649307251e-23 4.00596500450184e-24
0.27800000000000014 5.0635904368371e-22 3.523817335617673e-23
0.27900000000000014 4.073535772714359e-21 2.914921965492098e-22
0.28000000000000014 3.084489538975325e-20 2.270176501070778e-21
0.28100000000000014 2.200825845406072e-19 1.6665295448782715e-20
0.28200000000000014 1.4813596419535564e-18 1.154459243684351e-19
0.28300000000000014 9.416291858826855e-18 7.555061952437689e-19
0.28400000000000014 5.658567403481149e-17 4.675879336417641e-18
0.28500000000000014 3.2180558235418597e-16 2.7397881425336654e-17
0.28600000000000014 1.7337456688710704e-15 1.5214316894830927e-16
0.28700000000000014 8.8576252946447e-15 8.015195079800742e-16
0.28800000000000014 4.2955226111766856e-14 4.009936506406227e-15
0.28900000000000015 1.9792457309286908e-13 1.9069956289653644e-14
0.29000000000000015 8.673179828561574e-13 8.629177812953046e-14
0.29100000000000015 3.617876472497109e-12 3.7188381829316437e-13
0.29200000000000015 1.4378704801965182e-11 1.5277984258574623e-12
0.29300000000000015 5.4495746574567556e-11 5.988815222656617e-12
0.29400000000000015 1.9713368216289548e-10 2.2419176766956663e-11
0.29500000000000015 6.8121723366405e-10 8.022006776449347e-11
0.29600000000000015 2.250613493305614e-09 2.7460276532328914e-10
0.29700000000000015 7.1148141672780045e-09 9.000210466754834e-10
0.29800000000000015 2.1538897949033994e-08 2.8267499857304193e-09
0.29900000000000015 6.249191277052437e-08 8.514599620091266e-09
0.30000000000000016 1.7390060698686998e-07 2.461685738032873e-08
0.30100000000000016 4.644996092148424e-07 6.836543819236181e-08
0.30200000000000016 1.1917914725072744e-06 1.825219912899392e-07
0.30300000000000016 2.9394314986435764e-06 4.688162066017687e-07
0.30400000000000016 6.9740647308713415e-06 1.1594149455615532e-06
0.30500000000000016 1.5928454269200216e-05 2.7626645731374755e-06
0.30600000000000016 3.5044992709507125e-05 6.3474863564420375e-06
0.30700000000000016 7.43253494145716e-05 1.4072749379535603e-05
0.30800000000000016 0.00015205299639884748 3.0128352409582053e-05
0.30900000000000016 0.0003002499791921234 6.23309243565714e-05
0.31000000000000016 0.0005726359049008529 0.00012470192902897307
0.31100000000000017 0.0010554900278186758 0.00024143008520539577
0.31200000000000017 0.0018813817832347274 0.0004526508493240355
0.31300000000000017 0.0032449592055269314 0.0008224178147553856
0.31400000000000017 0.005418866107755913 0.0014490427550212877
0.31500000000000017 0.00876651619109341 0.0024775991193960656
0.31600000000000017 0.013747159386246327 0.004113803253633403
0.31700000000000017 0.020907854846446323 0.00663774538021168
0.31800000000000017 0.03085711574359434 0.010415144593559883
0.3190000000000002 0.044216552803325614 0.015903126228195157
0.3200000000000002 0.061550015217074795 0.023647192709331893
0.3210000000000002 0.0832742982031945 0.03426630801127692
0.3220000000000002 0.10956074789804683 0.048424001290947566
0.3230000000000002 0.14024189847863383 0.06678513873250903
0.3240000000000002 0.17474026231457757 0.08996034703218013
0.3250000000000002 0.21203634790318474 0.1184426354475397
0.3260000000000002 0.2506892351673077 0.15254305084204076
0.3270000000000002 0.2889157785726259 0.19233366838323293
0.3280000000000002 0.3247248647627778 0.2376064236272884
0.3290000000000002 0.3560930114014411 0.2878550101741522
0.3300000000000002 0.38115917051808684 0.34228439023844537
0.3310000000000002 0.3984118622673095 0.39984879811222324
0.3320000000000002 0.4068419074454424 0.45931510214246957
0.3330000000000002 0.4060391359090877 0.5193447697726777
0.3340000000000002 0.3962204735237319 0.5785851200348312
0.3350000000000002 0.3781878456537866 0.6357594932795124
0.3360000000000002 0.35322511302946 0.6897465489986966
0.3370000000000002 0.32295170923805366 0.7396409233134998
0.3380000000000002 0.28915537736787394 0.7847904818651791
0.3390000000000002 0.2536269243343469 0.8248087949423022
0.3400000000000002 0.2180166583877058 0.8595646411259701
0.3410000000000002 0.18372627352762255 0.8891528336220378
0.3420000000000002 0.15184285902978148 0.9138521754706801
0.3430000000000002 0.12311487738688294 0.9340768196350278
0.3440000000000002 0.0979644802158958 0.9503268616670619
0.3450000000000002 0.0765270453908543 0.9631428794141599
0.3460000000000002 0.05870744352986935 0.9730676639630848
0.3470000000000002 0.04424299377971885 0.9806168531129451
0.3480000000000002 0.032764813200784025 0.9862588150688661
0.3490000000000002 0.02385168477942626 0.990403080929219
0.3500000000000002 0.017073106751502393 0.9933959470174597
0.3510000000000002 0.012020424692931297 0.9955215466948103
0.3520000000000002 0.008326647554882256 0.9970066620561013
0.3530000000000002 0.005676632572644888 0.9980277219198759
0.3540000000000002 0.003809838300778187 0.9987187251882302
0.3550000000000002 0.0025179101664661273 0.999179162286277
0.3560000000000002 0.001639126646808678 0.9994813265783584
0.3570000000000002 0.001051337055950091 0.9996766785696596
0.3580000000000002 0.000664576797691142 0.9998011333612663
0.3590000000000002 0.0004141299914770375 0.999879285288283
0.3600000000000002 0.00025446561519071624 0.9999276707959752
0.3610000000000002 0.0001542173128349117 0.9999572134688443
0.3620000000000002 9.220565610129297e-05 0.9999750066082588
0.3630000000000002 5.440130948544074e-05 0.9999855804128677
0.3640000000000002 3.1680617964309805e-05 0.9999917818401174
0.3650000000000002 1.8214354822529233e-05 0.9999953721975292
0.3660000000000002 1.0341211192873934e-05 0.9999974246428937
0.3670000000000002 5.799177244761527e-06 0.9999985834040648
0.3680000000000002 3.2128979109259786e-06 0.9999992296584189
0.3690000000000002 1.758974699926898e-06 0.9999995857792889
0.3700000000000002 9.518079192742337e-07 0.9999997797210337
0.3710000000000002 5.091660365081513e-07 0.9999998841254877
0.3720000000000002 2.693281226484982e-07 0.9999999396945344
0.3730000000000002 1.4089850391772004e-07 0.9999999689430662
0.3740000000000002 7.291589121298009e-08 0.9999999841703303
0.3750000000000002 3.733501847554637e-08 0.9999999920131681
0.3760000000000002 1.8917978223517166e-08 0.9999999960102707
0.3770000000000002 9.488151376659581e-09 0.9999999980264256
0.3780000000000002 4.711074630306808e-09 0.9999999990331349
0.3790000000000002 2.3161753975314345e-09 0.9999999995307634
0.3800000000000002 1.1277587830426987e-09 0.9999999997743777
0.3810000000000002 5.439177236108034e-10 0.9999999998925007
0.38200000000000023 2.598962552877242e-10 0.9999999999492372
0.38300000000000023 1.2305321688161018e-10 0.9999999999762388
0.38400000000000023 5.7741374805875126e-11 0.9999999999889737
0.38500000000000023 2.685692536374086e-11 0.9999999999950345
0.38600000000000023 1.2384346616361525e-11 0.9999999999976857
0.38700000000000023 5.662509677577777e-12 0.9999999999989522
0.38800000000000023 2.5676398915166712e-12 0.9999999999995289
0.38900000000000023 1.1548289575748944e-12 0.9999999999997908
0.39000000000000024 5.152613592727995e-13 0.9999999999999076
0.39100000000000024 2.281028421460736e-13 0.9999999999996174
0.39200000000000024 1.0020578459939145e-13 0.9999999999999818
0.39300000000000024 4.36896487982312e-14 0.9999999999999934
0.39400000000000024 1.8908262164176614e-14 0.9999999999999969
0.39500000000000024 8.124087243456508e-15 0.9999999999999986
0.39600000000000024 3.46584413250044e-15 0.9999999999999987
0.39700000000000024 1.4683025265598448e-15 0.9999999999999986
0.39800000000000024 6.1780829637379e-16 0.9999999999999954
0.39900000000000024 2.5821545565186196e-16 0.999999999999989
0.40000000000000024 1.0721578427110002e-16 0.999999999999978
0.40100000000000025 4.4232345631374794e-17 0.9999999999999627
0.40200000000000025 1.8133506986024138e-17 0.9999999999999445
0.40300000000000025 7.388208880514293e-18 0.9999999999999276
0.40400000000000025 2.992031131276823e-18 0.9999999999999353
0.40500000000000025 1.2045249901232397e-18 0.9999999999999871
0.40600000000000025 4.821038652730169e-19 1.000000000000001
0.40700000000000025 1.9186333600547022e-19 1.000000000000001
0.40800000000000025 7.593126050436557e-20 1.000000000000002
0.40900000000000025 2.988658657974491e-20 1.0000000000000018
0.41000000000000025 1.1700600762858487e-20 1.0000000000000002
0.41100000000000025 4.556846603314163e-21 0.9999999999999972
0.41200000000000025 1.7656009493989353e-21 1.0000000000000007
0.41300000000000026 6.806742611304442e-22 0.9999999999999984
0.41400000000000026 2.611263643384222e-22 0.9999999999999969
0.41500000000000026 9.969468117669376e-23 0.9999999999932836
0.41600000000000026 3.7883287697921006e-23 0.9999999999999974
0.41700000000000026 1.4329187528235048e-23 0.9999999999999972
0.41800000000000026 5.39556375261403e-24 0.9999999999999963
0.41900000000000026 2.022720562985997e-24 0.9999999999999983
0.42000000000000026 7.550235826291649e-25 1.0000000000000007
0.42100000000000026 2.8064144896192415e-25 1.0000000000000038
0.42200000000000026 1.0388437545474686e-25 1.000000000000008
0.42300000000000026 3.8299718770110015e-26 1.0000000000000064
0.42400000000000027 1.4064589126575537e-26 1.0000000000000029
0.42500000000000027 5.144974024116997e-27 0.9999999999999931
0.42600000000000027 1.875002908063834e-27 0.9999999999999993
0.42700000000000027 6.808017711564142e-28 1.0000000000000004
0.42800000000000027 2.4630665146551104e-28 0.9999999999999976
0.42900000000000027 8.879827194403967e-29 0.9999999999999618
0.43000000000000027 3.1903726094325806e-29 0.9999999999999989
0.43100000000000027 1.142409663745588e-29 1.0000000000000597
0.4320000000000003 4.077372495985027e-30 0.9999999999999997
0.4330000000000003 1.4506108505470755e-30 0.9999999999999989
0.4340000000000003 5.144780878345557e-31 0.9999999999999974
0.4350000000000003 1.819119217868461e-31 0.9999999999999973
0.4360000000000003 6.413072259614896e-32 0.999999999999999
0.4370000000000003 2.2543101217929486e-32 0.9999999999999968
0.4380000000000003 7.90196512007935e-33 0.9999999999994454
0.4390000000000003 2.7622395944948318e-33 1.000000000000044
0.4400000000000003 9.62992180974432e-34 0.9999999999999971
0.4410000000000003 3.348491967989258e-34 0.999999999999998
0.4420000000000003 1.16136915738323e-34 0.9999999999999981
0.4430000000000003 4.018045213128444e-35 1.0000000000000042
0.4440000000000003 1.3867921635655784e-35 1.0000000000000016
0.4450000000000003 4.775161274969457e-36 0.9999999999999993
0.4460000000000003 1.6404857094333137e-36 0.9999999999999934
0.4470000000000003 5.623307153903853e-37 1.0000000000000038
0.4480000000000003 1.923414499757304e-37 1.0000000000000095
0.4490000000000003 6.565110641638175e-38 1.0000000000000124
0.4500000000000003 2.236275184282524e-38 1.0000000000000104
0.4510000000000003 7.602352641808416e-39 1.0000000000000078
0.4520000000000003 2.5794997480667845e-39 1.0000000000000027
0.4530000000000003 8.735996052436264e-40 0.9999999999999999
0.4540000000000003 2.9532702440629395e-40 0.9999999999999961
0.4550000000000003 9.966249407674113e-41 0.9999999999999959
0.4560000000000003 3.3575440488232943e-41 0.9999999999999972
0.4570000000000003 1.1292661984316497e-41 0.9999999999999954
0.4580000000000003 3.7920884059113145e-42 0.9999999999999958
0.4590000000000003 1.2714245952161998e-42 0.9999999999999984
0.4600000000000003 4.256522728541876e-43 0.9999999999999978
0.4610000000000003 1.422962042524222e-43 1.0
0.4620000000000003 4.750366969564757e-44 0.9999999999999982
0.4630000000000003 1.583717195603294e-44 0.9999999999999989
0.4640000000000003 5.273094328924406e-45 1.0
0.4650000000000003 1.7535226079405347e-45 0.9999999999999998
0.4660000000000003 5.824186643574887e-46 1.0000000000000002
0.4670000000000003 1.9322224906974926e-46 0.999999999999999
0.4680000000000003 6.403190973983618e-47 0.9999999999999986
0.4690000000000003 2.1196906431251385e-47 1.0000000000000004
0.4700000000000003 7.009776143168213e-48 0.9999999999999994
0.4710000000000003 2.3158482051613845e-48 0.9999999999999989
0.4720000000000003 7.643788276131319e-49 1.000000000000001
0.4730000000000003 2.5206809810945913e-49 0.9999999999999989
0.4740000000000003 8.305304708339568e-50 0.9999999999999991
0.4750000000000003 2.7342561869038e-50 0.9999999999999987
0.4760000000000003 8.994685962982644e-51 0.9999999999999408
0.4770000000000003 2.9567385783769465e-51 0.9999999999999994
0.4780000000000003 9.712625823278045e-52 1.0000000000000024
0.4790000000000003 3.188406018304549e-52 1.0000000000000009
0.4800000000000003 1.0460199837523374e-52 0.9999999999999983
0.4810000000000003 3.429664636316217e-53 0.9999999999999982
0.4820000000000003 1.1238912884579176e-53 0.999999999999995
0.4830000000000003 3.681063822899696e-54 0.9999999999999974
0.4840000000000003 1.2050746693963462e-54 1.0
0.4850000000000003 3.943311379833055e-55 0.9999999999999961
0.4860000000000003 1.2898208459235667e-55 0.9999999999999987
0.4870000000000003 4.217289223600976e-56 0.9999999999999971
0.4880000000000003 1.3784381910716936e-56 0.9999999999999967
0.4890000000000003 4.5040701084238264e-57 0.9999999999999976
0.4900000000000003 1.4712982431443285e-57 0.9999999999999806
0.4910000000000003 4.804935904002069e-58 0.9999999999999826
0.4920000000000003 1.5688418018175173e-58 0.9999999999999877
0.4930000000000003 5.121398033412134e-59 0.9999999999999888
0.4940000000000003 1.671585811932673e-59 0.9999999999999916
0.49500000000000033 5.455220752754283e-60 0.9999999999999984
0.49600000000000033 1.7801312636984623e-60 1.0000000000000049
0.49700000000000033 5.808448040706059e-61 1.00000000000001
0.49800000000000033 1.895172367622538e-61 1.0000000000000142
0.49900000000000033 6.183434968133011e-62 1.000000000000012
0.5000000000000003 2.0175072978595044e-62 1.0000000000000038
