D prob percentile
0.01 0.0 0.0
0.02 0.0 0.0
0.03 0.0 0.0
0.04 0.0 0.0
0.05 0.0 0.0
0.060000000000000005 0.0 0.0
0.06999999999999999 0.0 0.0
0.08 0.0 0.0
0.09 0.0 0.0
0.09999999999999999 0.0 0.0
0.11 0.0 0.0
0.12 0.0 0.0
0.13 0.0 0.0
0.14 0.0 0.0
0.15000000000000002 0.0 0.0
0.16 6.136e-321 0.0
0.17 7.568118516609949e-277 1.3079090706759904e-280
0.18000000000000002 2.1343144666431478e-240 4.7953631854355454e-244
0.19 5.695362815390054e-210 1.6071958628086267e-213
0.2 2.361865873294667e-184 8.147423772527493e-188
0.21000000000000002 1.2877490381230876e-162 5.316699837683128e-166
0.22 4.8113806986437e-144 2.3391490655475413e-147
0.23 4.4838207275831766e-128 2.5353320948513314e-131
0.24000000000000002 2.896197153410898e-114 1.8869474615523162e-117
0.25 2.9339266405415046e-102 2.1871303951181713e-105
0.26 9.004393880070068e-92 7.639142274731546e-95
0.27 1.4299888905888713e-82 1.3748355322454367e-85
0.28 1.8221084976254882e-74 1.9783328144409444e-77
0.29000000000000004 2.6753161519063756e-67 3.270222733129934e-70
0.3 6.113880684319978e-61 8.390300597148058e-64
0.31 2.796034995429188e-55 4.2964430455052085e-58
0.32 3.1608267996172054e-50 5.424581442114591e-53
0.33 1.0559235679852344e-45 2.018969678265618e-48
0.34 1.213114303476913e-41 2.5781261308328843e-44
0.35000000000000003 5.455286676296531e-38 1.2857089626239937e-40
0.36000000000000004 1.072908880012746e-34 2.798179551360674e-37
0.37 1.0153430522148366e-31 2.924337607602837e-34
0.38 5.021227074389432e-29 1.5940080570478796e-31
0.39 1.3939398072226842e-26 4.8685907855617553e-29
0.4 2.3119483991230537e-24 8.869017804295718e-27
0.41000000000000003 2.41906934438763e-22 1.017625529691824e-24
0.42000000000000004 1.674801329175466e-20 7.714212401660146e-23
0.43 8.000583554712599e-19 4.029254461206592e-21
0.44 2.7362890256131552e-17 1.5047465210649008e-19
0.45 6.922415569636273e-16 4.151608516400219e-18
0.46 1.3334189089307385e-14 8.711142715674053e-17
0.47000000000000003 2.0065168601338248e-13 1.4263472014724143e-15
0.48000000000000004 2.41333101199728e-12 1.8647794168116935e-14
0.49 2.3678287574626612e-11 1.986880896790268e-13
0.5 1.9300454430284981e-10 1.7571554934033172e-12
0.51 1.3285258986954136e-09 1.3112033741894288e-11
0.52 7.836717677758902e-09 8.378241732319646e-11
0.53 4.014176684390778e-08 4.6453574333275176e-10
0.54 1.8068702810397907e-07 2.26184086829975e-09
0.55 7.224263327559272e-07 9.776239656121173e-09
0.56 2.5907044095473237e-06 3.787840671672265e-08
0.5700000000000001 8.40667106151435e-06 1.3272928282410698e-07
0.5800000000000001 2.4881797647169684e-05 4.24020548710176e-07
0.59 6.766181201914289e-05 1.2440120759978873e-06
0.6 0.0001701682330946409 3.3741775423858767e-06
0.61 0.00039819934718357276 8.512358673724565e-06
0.62 0.0008717564466303414 2.0085116362564585e-05
0.63 0.0017944930923494502 4.4549078723729124e-05
0.64 0.003489266786703198 9.331565905172853e-05
0.65 0.006435739429477493 0.00018538103695092537
0.66 0.011303401789036768 0.00035064105866514247
0.67 0.01897158457025737 0.0006337253966016104
0.68 0.030527736418065374 0.0010980189806028677
0.6900000000000001 0.04723696384081595 0.0018293856525005156
0.7000000000000001 0.07047949713119425 0.002939007727954869
0.7100000000000001 0.10165777733756481 0.004564738070848342
0.72 0.1420802496237732 0.0068704452498834735
0.73 0.19283355522690906 0.010043013291135397
0.74 0.25465765892246295 0.014286910738503921
0.75 0.3278389570522166 0.01981652937724982
0.76 0.4121345246689079 0.026846765170710416
0.77 0.5067368058214973 0.03558253047732499
0.78 0.6102829949222476 0.04620801688081122
0.79 0.720908004246357 0.05887655765730441
0.8 0.8363351076880915 0.07370187064408273
0.81 0.9539947295701166 0.09075131297188953
0.8200000000000001 1.0711597586545518 0.11004157512480671
0.8300000000000001 1.1850852683418078 0.13153701327056966
0.8400000000000001 1.2931414285726 0.15515059459294422
0.85 1.3929303559244492 0.1807472340710994
0.86 1.4823802460285946 0.20814914896169032
0.87 1.5598129527297893 0.23714275727000983
0.88 1.62398387013948 0.26748659951086096
0.89 1.6740952805740443 0.29891976400407433
0.9 1.7097861013102442 0.33117033588006034
0.91 1.7311021404284772 0.36396345799274277
0.92 1.7384515785134795 0.3970286768621801
0.93 1.7325505043033766 0.4301063383808845
0.9400000000000001 1.7143630546185975 0.46295288786220096
0.9500000000000001 1.6850401584182297 0.4953450107811161
0.9600000000000001 1.6458601729578142 0.5270826201403928
0.97 1.598173923057341 0.5579907516602998
0.98 1.5433558884562824 0.5879204684568686
0.99 1.482762583478113 0.6167489033014033
1.0 1.4176985717247594 0.6443785805401625
1.01 1.349390072847981 0.670736163370845
1.02 1.278965751521551 0.6957707676747966
1.03 1.2074440236917836 0.7194519731980016
1.04 1.135726058876993 0.7417676485780015
1.05 1.0645935832805842 0.762721690246895
1.06 0.9947105793332538 0.782331758014261
1.07 0.9266280161759772 0.8006270732130494
1.08 0.8607908174122761 0.8176463294488704
1.09 0.7975463643330648 0.8334357517276313
1.1 0.7371539343583691 0.8480473273269934
1.11 0.6797945776785411 0.8615372213314416
1.12 0.6255810342523919 0.8739643812339847
1.1300000000000001 0.5745673845732502 0.8853893283187576
1.1400000000000001 0.5267582086497798 0.8958731284838324
1.1500000000000001 0.48211709739256386 0.9054765315519355
1.1600000000000001 0.4405744188874835 0.9142592657214504
1.17 0.402034289350902 0.9222794724200386
1.18 0.36638073579460134 0.9295932662367324
1.19 0.333483065713919 0.9362544046438498
1.2 0.30320047968831926 0.9423140527187598
1.21 0.2753859768931609 0.9478206289035013
1.22 0.24988961234774287 0.9528197188831394
1.23 0.2265611693482053 0.9573540458350407
1.24 0.20525231190987733 0.9614634865268981
1.25 0.18581828099363076 0.9651851239694973
1.26 0.1681191955036925 0.9685533285206848
1.27 0.15202101508441096 0.9715998604624362
1.28 0.13739621706196006 0.9743539881154222
1.29 0.12412423482582463 0.9768426165047651
1.3 0.11209169979112613 0.9790904224424778
1.31 0.10119252402214943 0.9811199926462686
1.32 0.09132785576739505 0.9829519621742454
1.33 0.082405935647877 0.9846051510258756
1.34 0.07434187710746738 0.9860966972479346
1.35 0.06705739100304732 0.9874421852977397
1.36 0.06048047088843067 0.9886557687622702
1.37 0.05454505261985654 0.9897502868186002
1.3800000000000001 0.04919065936239102 0.9907373740558143
1.3900000000000001 0.04436204087932178 0.9916275634681314
1.4000000000000001 0.04000881411028688 0.9924303825798143
1.4100000000000001 0.03608511045655704 0.9931544427803125
1.42 0.032549233861571734 0.9938075220382578
1.43 0.0293633326705699 0.994396641229943
1.44 0.026493087345706164 0.9949281343658161
1.45 0.02390741537538656 0.9954077130307997
1.46 0.02157819412409949 0.9958405253738912
1.47 0.01948000189969902 0.9962312099920663
1.48 0.017589877149331284 0.996583945055139
1.49 0.015887095415823598 0.9969024930137798
1.5 0.014352963478425247 0.9971902412237637
1.51 0.012970629952426446 0.997450238807071
1.52 0.011724911520370479 0.9976852300555898
1.53 0.010602133903960323 0.9978976846667548
1.54 0.009589986652463816 0.9980898250831322
1.55 0.00867739081385254 0.9982636511902279
1.56 0.007854378563590472 0.9984209626090724
1.57 0.007111983888412108 0.9985633788027024
1.58 0.006442143454905809 0.9986923571987676
1.59 0.005837606832259815 0.9988092095142855
1.6 0.005291855282734017 0.9989151164531516
1.61 0.004799028380386847 0.9990111409324848
1.62 0.0043538577668168245 0.9990982399802584
1.6300000000000001 0.003951607401018356 0.9991772754339612
1.6400000000000001 0.0035880197080269795 0.9992490235582453
1.6500000000000001 0.0032592670771894915 0.9993141836885948
1.6600000000000001 0.0029619082051785717 0.9993733859980881
1.6700000000000002 0.002692848820960946 0.9994271984750025
1.68 0.002449306369625421 0.9994761331906733
1.69 0.0022287782691740804 0.9995206519292756
1.7 0.002029013389042208 0.9995611712441802
1.71 0.0018479864312576778 0.9995980669991701
1.72 0.0016838749248386693 0.9996316784470094
1.73 0.0015350385713477092 0.9996623118925745
1.74 0.0014000007045796327 0.9996902439830805
1.75 0.0012774316502828333 0.9997157246635194
1.76 0.0011661337927279048 0.9997389798318455
1.77 0.0010650281739783907 0.9997602137243329
1.78 0.0009731424690189828 0.9997796110592108
1.79 0.000889600195587776 0.9997973389631416
1.8 0.0008136110317691898 0.9998135487029312
1.81 0.0007444621272535664 0.9998283772424428
1.82 0.0006815103057745843 0.9998419486426549
1.83 0.0006241750667044854 0.9998543753209347
1.84 0.0005719323032215573 0.9998657591839678
1.85 0.0005243086629589458 0.9998761926472565
1.86 0.000480876484685548 0.9998857595527865
1.87 0.0004412492514396634 0.9998945359952631
1.8800000000000001 0.0004050775067078199 0.999902591066224
1.8900000000000001 0.00037204518578254407 0.9999099875243923
1.9000000000000001 0.0003418663194058278 0.999916782399763
1.9100000000000001 0.0003142820712656756 0.9999230275381338
1.9200000000000002 0.0002890580749128718 0.9999287700921166
1.93 0.00026598203925021923 0.9999340529640225
1.94 0.00024486159495896336 0.9999389152054732
1.95 0.00022552235710521847 0.9999433923780909
1.96 0.0002078061817467954 0.9999475168791621
1.97 0.0001915695966692935 0.9999513182357881
1.98 0.00017668238844717674 0.9999548233706532
1.99 0.00016302632987607785 0.9999580568422428
2.0 0.0001504940334792024 0.9999610410620486
2.01 0.00013898791827370388 0.9999637964910278
2.02 0.0001284192783104721 0.9999663418173281
2.03 0.0001187074426891918 0.9999686941174056
2.04 0.00010977901781438877 0.9999708690013264
2.05 0.00010156720361065972 0.999972880745163
2.0599999999999996 9.401117626799913e-05 0.9999747424104081
2.07 8.705553085169934e-05 0.9999764659524478
2.0799999999999996 8.064977779507938e-05 0.9999780623189035
2.09 7.474788790564046e-05 0.9999795415388509
2.0999999999999996 6.930788106382379e-05 0.9999809128037992
2.11 6.429145428493203e-05 0.9999821845412133
2.1199999999999997 5.966364525511975e-05 0.999983364481297
2.13 5.5392527846955016e-05 0.9999844597176797
2.1399999999999997 5.144893647378158e-05 0.9999854767625757
2.15 4.780621645922155e-05 0.9999864215969531
2.1599999999999997 4.443999788254192e-05 0.9999872997161693
2.17 4.1327990615659834e-05 0.99998811617151
2.1799999999999997 3.8449798496411526e-05 0.9999888756080018
2.19 3.5786750788032994e-05 0.9999895822988576
2.1999999999999997 3.3321749259135165e-05 0.9999902401768658
2.21 3.103912938392174e-05 0.9999908528629935
2.2199999999999998 2.8924534311027107e-05 0.9999914236924797
2.23 2.696480038283292e-05 0.9999919557386377
2.2399999999999998 2.514785310709738e-05 0.999992451834571
2.25 2.3462612590530755e-05 0.999992914593007
2.26 2.189890754089935e-05 0.9999933464244113
2.27 2.0447397031412575e-05 0.9999937495535357
2.28 1.9099499299571335e-05 0.9999941260345462
2.29 1.7847326923231593e-05 0.9999944777648573
2.3 1.668362778016299e-05 0.9999948064977873
2.31 1.560173125458182e-05 0.999995113854134
2.32 1.4595499205662766e-05 0.9999954013327851
2.3299999999999996 1.3659281259452578e-05 0.9999956703204211
2.34 1.2787874027452284e-05 0.9999959221004094
2.3499999999999996 1.1976483892853338e-05 0.9999961578609801
2.36 1.1220693039436506e-05 0.999996378702661
2.3699999999999997 1.0516428428834966e-05 0.9999965856452196
2.38 9.859933459561641e-06 0.9999967796338021
2.3899999999999997 9.247742066210519e-06 0.9999969615448802
2.4 8.676655039822481e-06 0.9999971321914598
2.4099999999999997 8.143718370808599e-06 0.9999972923279785
2.42 7.646203434262089e-06 0.9999974426547849
2.4299999999999997 7.181588854154974e-06 0.9999975838222521
2.44 6.747543897987956e-06 0.9999977164345697
2.4499999999999997 6.3419132670990725e-06 0.9999978410532255
2.46 5.9627031601705816e-06 0.9999979582002129
2.4699999999999998 5.608068498646704e-06 0.9999980683609834
2.48 5.276301212887135e-06 0.9999981719871676
2.4899999999999998 4.965819497043709e-06 0.9999982694990789
2.5 4.675157948950608e-06 0.999998361288026
2.51 4.402958518844821e-06 0.9999984477184394
2.52 4.147962197557454e-06 0.9999985291298397
2.53 3.909001381009729e-06 0.9999986058386455
2.54 3.6849928534625025e-06 0.999998678139854
2.55 3.4749313370713266e-06 0.9999987463085783
2.56 3.2778835599264437e-06 0.9999988106014769
2.57 3.0929827989670723e-06 0.9999988712580785
2.5799999999999996 2.9194238579792882e-06 0.9999989285019932
2.59 2.7564584443632008e-06 0.9999989825420411
2.5999999999999996 2.603390911514419e-06 0.9999990335733012
2.61 2.459574336538377e-06 0.9999990817780691
2.6199999999999997 2.324406905632536e-06 0.9999991273267543
2.63 2.1973285818512172e-06 0.999999170378705
2.6399999999999997 2.07781803213631e-06 0.9999992110829776
2.65 1.9653897924713887e-06 0.9999992495790411
2.6599999999999997 1.8595916518162603e-06 0.9999992859974395
2.67 1.7600022371188777e-06 0.9999993204604025
2.6799999999999997 1.6662287831973914e-06 0.9999993530824062
2.69 1.5779050726487704e-06 0.9999993839707038
2.6999999999999997 1.4946895321854087e-06 0.9999994132258097
2.71 1.4162634729371451e-06 0.9999994409419521
2.7199999999999998 1.3423294632933285e-06 0.9999994672074949
2.73 1.272609823807035e-06 0.9999994921053267
2.7399999999999998 1.2068452345493218e-06 0.9999995157132232
2.75 1.1447934460925053e-06 0.9999995381041872
2.76 1.0862280860247377e-06 0.9999995593467573
2.77 1.030937553560006e-06 0.9999995795053052
2.78 9.787239954127386e-07 0.9999995986403022
2.79 9.294023566602608e-07 0.9999996168085772
2.8 8.82799500823521e-07 0.9999996340635464
2.81 8.387533938608532e-07 0.9999996504554365
2.82 7.971123471952337e-07 0.9999996660314873
2.8299999999999996 7.577343152850127e-07 0.9999996808361428
2.84 7.204862436060477e-07 0.9999996949112255
2.8499999999999996 6.852434632403801e-07 0.9999997082961077
2.86 6.518891285676597e-07 0.9999997210278597
2.8699999999999997 6.203136948311641e-07 0.9999997331413987
2.88 5.904144326035167e-07 0.999999744669619
2.8899999999999997 5.620949764097172e-07 0.9999997556435206
2.9 5.352649049785777e-07 0.999999766092325
2.9099999999999997 5.098393507898706e-07 0.9999997760435846
2.92 4.857386367647937e-07 0.9999997855232856
2.9299999999999997 4.628879381130528e-07 0.9999997945559435
2.94 4.412169675023036e-07 0.9999998031646913
2.9499999999999997 4.206596818559442e-07 0.9999998113713641
2.96 4.0115400921419097e-07 0.9999998191965791
2.9699999999999998 3.826415942121898e-07 0.9999998266598046
2.98 3.650675608382083e-07 0.9999998337794327
2.9899999999999998 3.483802912357058e-07 0.9999998405728403
3.0 3.325312194057772e-07 0.9999998470564518
3.01 3.174746387520961e-07 0.9999998532457919
3.02 3.031675224891391e-07 0.9999998591555431
3.03 2.895693560073234e-07 0.9999998647995904
3.04 2.766419803556077e-07 0.9999998701910714
3.05 2.6434944606400754e-07 0.9999998753424167
3.06 2.526578765855904e-07 0.9999998802653932
3.07 2.4153534069018136e-07 0.9999998849711406
3.08 2.3095173319071492e-07 0.9999998894702081
3.09 2.2087866342812536e-07 0.9999998937725882
3.0999999999999996 2.1128935098219053e-07 0.9999998978877477
3.11 2.021585281141962e-07 0.9999999018246581
3.1199999999999997 1.9346234848274642e-07 0.9999999055918231
3.13 1.851783017068822e-07 0.9999999091973059
3.1399999999999997 1.772851333810912e-07 0.9999999126487522
3.15 1.6976277017483848e-07 0.9999999159534138
3.1599999999999997 1.625922496753073e-07 0.9999999191181722
3.17 1.55755654656095e-07 0.9999999221495558
3.1799999999999997 1.4923605147694707e-07 0.9999999250537632
3.19 1.4301743234024267e-07 0.9999999278366787
3.1999999999999997 1.3708466114912327e-07 0.9999999305038889
3.21 1.3142342272988932e-07 0.9999999330607017
3.2199999999999998 1.260201751977319e-07 0.9999999355121585
3.23 1.2086210526016577e-07 0.9999999378630516
3.2399999999999998 1.1593708626663555e-07 0.9999999401179318
3.25 1.1123363882593972e-07 0.9999999422811299
3.26 1.067408938252961e-07 0.9999999443567616
3.27 1.0244855769616839e-07 0.9999999463487409
3.28 9.834687978253137e-08 0.9999999482607962
3.29 9.442662167695513e-08 0.9999999500964621
3.3 9.067902839901455e-08 0.9999999518591152
3.31 8.709580129890573e-08 0.999999953551963
3.32 8.366907257704293e-08 0.9999999551780608
3.33 8.039138131763941e-08 0.9999999567403188
3.34 7.725565094109876e-08 0.9999999582415066
3.3499999999999996 7.425516798631163e-08 0.9999999596842641
3.36 7.138356213984755e-08 0.9999999610711074
3.3699999999999997 6.86347874344599e-08 0.999999962404432
3.38 6.600310454444634e-08 0.9999999636865231
3.3899999999999997 6.348306411009503e-08 0.9999999649195577
3.4 6.106949102789204e-08 0.9999999661056133
3.4099999999999997 5.875746964725612e-08 0.999999967246671
3.42 5.654232981840136e-08 0.9999999683446165
3.4299999999999997 5.441963373948866e-08 0.9999999694012593
3.44 5.2385163554569455e-08 0.9999999704183159
3.4499999999999997 5.043490965691352e-08 0.9999999713974294
3.46 4.856505965521648e-08 0.9999999723401696
3.4699999999999998 4.677198796287669e-08 0.9999999732480264
3.48 4.50522459730611e-08 0.9999999741224469
3.4899999999999998 4.3402552784622935e-08 0.9999999749647693
3.5 4.1819786446138697e-08 0.999999975776298
3.51 4.030097568738006e-08 0.9999999765583055
3.52 3.884329210945174e-08 0.999999977311969
3.53 3.74440428066221e-08 0.9999999780384281
3.54 3.610066339454894e-08 0.9999999787387703
3.55 3.481071142115055e-08 0.9999999794140374
3.56 3.357186013786646e-08 0.9999999800652244
3.57 3.238189261038475e-08 0.9999999806932827
3.58 3.123869614922295e-08 0.9999999812991238
3.59 3.014025704172925e-08 0.9999999818836183
3.5999999999999996 2.908465556819621e-08 0.9999999824476011
3.61 2.8070061285832266e-08 0.9999999829918711
3.6199999999999997 2.7094728565312497e-08 0.9999999835171915
3.63 2.6156992365554566e-08 0.9999999840242956
3.6399999999999997 2.5255264233224025e-08 0.9999999845138825
3.65 2.4388028514283487e-08 0.999999984986624
3.6599999999999997 2.3553838765655304e-08 0.9999999854431649
3.67 2.275131435577316e-08 0.9999999858841185
3.6799999999999997 2.1979137243471983e-08 0.9999999863100784
3.69 2.1236048925274384e-08 0.9999999867216084
3.6999999999999997 2.0520847541734162e-08 0.9999999871192518
3.71 1.9832385134027362e-08 0.9999999875035289
3.7199999999999998 1.9169565042511673e-08 0.9999999878749378
3.73 1.8531339439447815e-08 0.9999999882339579
3.7399999999999998 1.7916706988533325e-08 0.9999999885810471
3.75 1.7324710624325564e-08 0.9999999889166327
3.76 1.6754435445029296e-08 0.9999999892411778
3.77 1.620500671249784e-08 0.9999999895550459
3.78 1.5675587953653966e-08 0.9999999898586414
3.79 1.5165379157862492e-08 0.999999990152336
3.8 1.4673615065103828e-08 0.9999999904364912
3.81 1.4199563540083508e-08 0.9999999907114477
3.82 1.374252402769493e-08 0.9999999909775377
3.83 1.3301826085507814e-08 0.9999999912350785
3.84 1.2876827989197008e-08 0.9999999914843755
3.8499999999999996 1.2466915407057935e-08 0.9999999917257222
3.86 1.2071500139970793e-08 0.9999999919593998
3.8699999999999997 1.1690018923374845e-08 0.9999999921856794
3.88 1.1321932288008575e-08 0.9999999924048212
3.8899999999999997 1.0966723476350797e-08 0.9999999926170757
3.9 1.0623897411863e-08 0.999999992822682
3.9099999999999997 1.0292979718300885e-08 0.9999999930218728
3.92 9.973515786502585e-09 0.9999999932148701
3.9299999999999997 9.665069886212188e-09 0.9999999934018879
3.94 9.367224320624259e-09 0.9999999935831323
3.9499999999999997 9.07957862146403e-09 0.9999999937588011
3.96 8.801748782533953e-09 0.9999999939290855
3.9699999999999998 8.533366529771167e-09 0.999999994094167
3.98 8.274078625965168e-09 0.9999999942542251
3.9899999999999998 8.023546208382684e-09 0.9999999944094279
4.0 7.781444157643189e-09 0.9999999945599387
4.01 7.547460496274763e-09 0.9999999947059165
4.02 7.321295815465038e-09 0.9999999948475125
4.03 7.102662728599022e-09 0.9999999949848725
4.04 6.891285350252058e-09 0.9999999951180968
4.05 6.686898799374752e-09 0.9999999952474433
4.06 6.489248725473553e-09 0.9999999953729201
4.07 6.298090856654022e-09 0.9999999954946948
4.08 6.11319056845175e-09 0.9999999956128887
4.09 5.934322472433078e-09 0.9999999957276182
4.1 5.761270023599393e-09 0.999999995838996
4.109999999999999 5.593825145680357e-09 0.9999999959471316
4.12 5.431787873446758e-09 0.9999999960521301
4.13 5.274966011219895e-09 0.9999999961540907
4.14 5.123174806796045e-09 0.9999999962531134
4.1499999999999995 4.976236640044218e-09 0.9999999963492912
4.16 4.833980725473987e-09 0.9999999964427149
4.17 4.6962428281051165e-09 0.9999999965334725
4.18 4.562864992005226e-09 0.9999999966216484
4.1899999999999995 4.433695280893432e-09 0.9999999967073235
4.2 4.308587530238119e-09 0.9999999967905772
4.21 4.187401110306115e-09 0.999999996871486
4.22 4.070000699647599e-09 0.9999999969501225
4.2299999999999995 3.956256068526378e-09 0.9999999970265578
4.24 3.846041871830252e-09 0.9999999971008605
4.25 3.739237451019124e-09 0.9999999971730958
4.26 3.6357266446895943e-09 0.9999999972433289
4.27 3.535397607357274e-09 0.9999999973116206
4.28 3.438142636075749e-09 0.9999999973780311
4.29 3.3438580045311468e-09 0.999999997442617
4.3 3.2524438042685716e-09 0.9999999975054354
4.31 3.1638037927232592e-09 0.9999999975665378
4.32 3.0778452477451774e-09 0.9999999976259786
4.33 2.994478828321748e-09 0.9999999976838061
4.34 2.9136184412157886e-09 0.9999999977400703
4.35 2.8351811132520307e-09 0.9999999977948175
4.36 2.759086868995625e-09 0.9999999978480928
4.37 2.6852586135808695e-09 0.9999999978999405
4.38 2.6136220204577607e-09 0.9999999979504024
4.39 2.544105423836757e-09 0.9999999979995212
4.3999999999999995 2.476639715621727e-09 0.9999999980473346
4.41 2.4111582466309807e-09 0.9999999980938824
4.42 2.3475967319162856e-09 0.9999999981392014
4.43 2.2858931599980316e-09 0.9999999981833269
4.4399999999999995 2.2259877058440213e-09 0.999999998226294
4.45 2.1678226474266586e-09 0.9999999982681373
4.46 2.1113422857017838e-09 0.9999999983088891
4.47 2.0564928678590928e-09 0.9999999983485806
4.4799999999999995 2.003222513701366e-09 0.9999999983872425
4.49 1.9514811450165837e-09 0.9999999984249038
4.5 1.90122041781248e-09 0.9999999984615942
4.51 1.8523936572902262e-09 0.9999999984973406
4.52 1.804955795438451e-09 0.9999999985321709
4.53 1.7588633111353051e-09 0.9999999985661099
4.54 1.7140741726505822e-09 0.9999999985991836
4.55 1.6705477824452632e-09 0.9999999986314166
4.56 1.6282449241704905e-09 0.9999999986628315
4.57 1.5871277117722835e-09 0.9999999986934527
4.58 1.5471595406126644e-09 0.9999999987233009
4.59 1.5083050405217292e-09 0.9999999987523996
4.6 1.4705300306993802e-09 0.9999999987807678
4.61 1.4338014763885695e-09 0.9999999988084267
4.62 1.3980874472460077e-09 0.9999999988353953
4.63 1.3633570773389426e-09 0.9999999988616936
4.64 1.329580526700473e-09 0.9999999988873391
4.6499999999999995 1.2967289443781315e-09 0.9999999989123505
4.66 1.2647744329141578e-09 0.999999998936744
4.67 1.2336900141978055e-09 0.9999999989605384
4.68 1.2034495966331986e-09 0.9999999989837421
4.6899999999999995 1.1740279435686512e-09 0.9999999990063824
4.7 1.1454006429353937e-09 0.9999999990284698
4.71 1.1175440780464908e-09 0.9999999990500198
4.72 1.090435399508179e-09 0.9999999990710361
4.7299999999999995 1.064052498198682e-09 0.9999999990915739
4.74 1.0383739792709273e-09 0.9999999991115961
4.75 1.0133791371376573e-09 0.9999999991311352
4.76 9.890479313993637e-10 0.9999999991502048
4.77 9.653609636769413e-10 0.9999999991688174
4.78 9.422994553127831e-10 0.9999999991869848
4.79 9.198452259053742e-10 0.9999999992047189
4.8 8.979806726442383e-10 0.9999999992220313
4.81 8.766887504131639e-10 0.999999999238931
4.82 8.559529526312487e-10 0.9999999992554323
4.83 8.35757292802444e-10 0.9999999992715426
4.84 8.160862867456367e-10 0.9999999992872742
4.85 7.969249354783454e-10 0.9999999993026355
4.86 7.782587087283434e-10 0.9999999993176363
4.87 7.600735290486124e-10 0.9999999993322862
4.88 7.423557565118765e-10 0.9999999993465944
4.89 7.250921739622306e-10 0.9999999993605694
4.8999999999999995 7.082699728021101e-10 0.9999999993742199
4.91 6.918767392937897e-10 0.9999999993875537
4.92 6.759004413554791e-10 0.9999999994005799
4.93 6.60329415832979e-10 0.9999999994133055
4.9399999999999995 6.451523562284478e-10 0.9999999994257375
4.95 6.303583008688319e-10 0.9999999994378846
4.96 6.159366214970163e-10 0.9999999994497539
4.97 6.018770122695213e-10 0.999999999461352
4.9799999999999995 5.881694791453758e-10 0.9999999994726847
4.99 5.748043296510463e-10 0.9999999994837608
5.0 5.617721630074237e-10 0.9999999994945844
5.01 5.490638606049033e-10 0.999999999505163
5.02 5.366705768136397e-10 0.9999999995155032
5.03 5.245837301161538e-10 0.9999999995256103
5.04 5.127949945503782e-10 0.9999999995354897
5.05 5.012962914513335e-10 0.9999999995451477
5.06 4.900797814803886e-10 0.9999999995545878
5.07 4.791378569313294e-10 0.9999999995638187
5.08 4.684631343029671e-10 0.9999999995728428
5.09 4.580484471283967e-10 0.9999999995816669
5.1 4.478868390513751e-10 0.9999999995902945
5.11 4.3797155714076063e-10 0.999999999598731
5.12 4.2829604543417203e-10 0.9999999996069802
5.13 4.188539387025297e-10 0.9999999996149987
5.14 4.0963905642732855e-10 0.9999999996229382
5.1499999999999995 4.0064539698288006e-10 0.9999999996306552
5.16 3.91867132016067e-10 0.9999999996382021
5.17 3.832986010164334e-10 0.9999999996455852
5.18 3.7493430606966743e-10 0.9999999996528057
5.1899999999999995 3.6676890678788017e-10 0.9999999996598689
5.2 3.587972154102937e-10 0.9999999996667785
5.21 3.510141920681648e-10 0.9999999996735388
5.22 3.4341494020811434e-10 0.9999999996801524
5.2299999999999995 3.359947021681e-10 0.9999999996866227
5.24 3.287488549006664e-10 0.9999999996929537
5.25 3.216729058381535e-10 0.9999999996991474
5.26 3.1476248889482687e-10 0.9999999997052083
5.27 3.080133606011014e-10 0.9999999997111396
5.28 3.0142139636516646e-10 0.9999999997169435
5.29 2.9498258685747365e-10 0.9999999997226234
5.3 2.88693034513845e-10 0.9999999997281824
5.31 2.825489501529351e-10 0.9999999997336214
5.32 2.765466497041217e-10 0.9999999997389467
5.33 2.7068255104189114e-10 0.9999999997441579
5.34 2.649531709230763e-10 0.9999999997492596
5.35 2.593551220232949e-10 0.9999999997542527
5.36 2.5388511006919135e-10 0.9999999997591404
5.37 2.485399310631506e-10 0.9999999997639252
5.38 2.4331646859727175e-10 0.9999999997686093
5.39 2.3821169125355234e-10 0.9999999997731951
5.3999999999999995 2.3322265008729223e-10 0.9999999997776851
5.41 2.2834647619088e-10 0.9999999997820803
5.42 2.235803783351926e-10 0.9999999997863847
5.43 2.189216406859761e-10 0.9999999997905988
5.4399999999999995 2.143676205926277e-10 0.9999999997947251
5.45 2.0991574644694895e-10 0.9999999997987654
5.46 2.0556351560947064e-10 0.9999999998027225
5.47 2.0130849240107306e-10 0.9999999998065974
5.4799999999999995 1.9714830615770036e-10 0.9999999998103918
5.49 1.9308064934602875e-10 0.9999999998141081
5.5 1.891032757380751e-10 0.999999999817748
5.51 1.8521399864271486e-10 0.9999999998213126
5.52 1.814106891922651e-10 0.9999999998248045
5.53 1.7769127468225067e-10 0.9999999998282242
5.54 1.740537369626032e-10 0.9999999998315745
5.55 1.7049611087858678e-10 0.9999999998348561
5.56 1.6701648275978106e-10 0.9999999998380696
5.57 1.6361298895556428e-10 0.9999999998412185
5.58 1.6028381441553633e-10 0.9999999998443034
5.59 1.5702719131340587e-10 0.9999999998473253
5.6 1.5384139771293429e-10 0.999999999850286
5.61 1.5072475627453362e-10 0.9999999998532153
5.62 1.4767563300119616e-10 0.9999999998560278
5.63 1.4469243602248965e-10 0.9999999998588125
5.64 1.417736144153475e-10 0.9999999998615405
5.6499999999999995 1.3891765706049615e-10 0.999999999864214
5.66 1.361230915333303e-10 0.9999999998668331
5.67 1.3338848302814676e-10 0.9999999998693999
5.68 1.3071243331464967e-10 0.9999999998719153
5.6899999999999995 1.2809357972569178e-10 0.9999999998743798
5.7 1.2553059417524305e-10 0.9999999998767953
5.71 1.2302218220563812e-10 0.9999999998791623
5.72 1.2056708206312795e-10 0.9999999998814824
5.7299999999999995 1.1816406380087977e-10 0.9999999998837557
5.74 1.1581192840851143e-10 0.9999999998859842
5.75 1.1350950696734653e-10 0.9999999998881682
5.76 1.1125565983055165e-10 0.9999999998903087
5.77 1.0904927582739192e-10 0.9999999998924066
5.78 1.0688927149082675e-10 0.9999999998944633
5.79 1.0477459030771304e-10 0.9999999998964794
5.8 1.0270420199091999e-10 0.9999999998984551
5.81 1.0067710177264752e-10 0.9999999999003913
5.82 9.869230971830294e-11 0.9999999999022908
5.83 9.674887006028631e-11 0.9999999999041518
5.84 9.484585055106388e-11 0.9999999999059763
5.85 9.298234183493265e-11 0.9999999999077653
5.86 9.115745683789429e-11 0.9999999999095189
5.87 8.937033017508834e-11 0.9999999999112376
5.88 8.762011757522065e-11 0.9999999999129238
5.89 8.590599532148931e-11 0.9999999999145759
5.8999999999999995 8.422715970848103e-11 0.9999999999161961
5.91 8.25828265145606e-11 0.9999999999177848
5.92 8.097223048927082e-11 0.9999999999193424
5.93 7.939462485529257e-11 0.9999999999208694
5.9399999999999995 7.78492808245096e-11 0.9999999999223667
5.95 7.633548712776856e-11 0.9999999999238351
5.96 7.485254955789245e-11 0.9999999999252751
5.97 7.339979052556852e-11 0.9999999999266871
5.9799999999999995 7.197654862771334e-11 0.9999999999280711
5.99 7.058217822793536e-11 0.9999999999294288
6.0 6.921604904873774e-11 0.9999999999307604
6.01 6.78775457751012e-11 0.999999999932066
6.02 6.656606766911241e-11 0.9999999999333461
6.03 6.528102819531045e-11 0.9999999999346019
6.04 6.402185465641481e-11 0.9999999999358332
6.05 6.278798783915017e-11 0.9999999999370414
6.06 6.157888166984342e-11 0.9999999999382254
6.07 6.039400287952714e-11 0.999999999939387
6.08 5.923283067824458e-11 0.9999999999405265
6.09 5.8094856438302497e-11 0.9999999999416438
6.1 5.697958338620097e-11 0.9999999999427397
6.11 5.588652630298331e-11 0.9999999999438148
6.12 5.481521123276273e-11 0.9999999999448692
6.13 5.3765175199182764e-11 0.9999999999459035
6.14 5.2735965929586336e-11 0.9999999999469176
6.15 5.172714158665704e-11 0.9999999999479129
6.16 5.0738270507327965e-11 0.9999999999488887
6.17 4.976893094873678e-11 0.9999999999498449
6.18 4.8818710841029404e-11 0.9999999999507849
6.1899999999999995 4.7887207546809623e-11 0.9999999999517065
6.2 4.6974027627048004e-11 0.9999999999526091
6.21 4.607878661325576e-11 0.9999999999534954
6.22 4.520110878575209e-11 0.999999999954365
6.2299999999999995 4.434062695784817e-11 0.9999999999552172
6.24 4.3496982265769293e-11 0.9999999999560539
6.25 4.26698239641683e-11 0.9999999999568747
6.26 4.185880922705131e-11 0.9999999999576793
6.27 4.106360295397985e-11 0.9999999999584692
6.28 4.0283877581383264e-11 0.999999999959244
6.29 3.951931289885159e-11 0.9999999999600041
6.3 3.876959587025387e-11 0.9999999999607495
6.31 3.8034420459558034e-11 0.999999999961481
6.32 3.731348746120824e-11 0.9999999999621985
6.33 3.660650433494505e-11 0.9999999999629025
6.34 3.5913185044926795e-11 0.9999999999635933
6.35 3.523324990304886e-11 0.9999999999642709
6.36 3.4566425416331493e-11 0.9999999999649354
6.37 3.391244413826613e-11 0.9999999999655875
6.38 3.327104452401293e-11 0.9999999999662277
6.39 3.2641970789338175e-11 0.9999999999668553
6.4 3.2024972773189194e-11 0.9999999999674711
6.41 3.1419805803808654e-11 0.9999999999680755
6.42 3.08262305682851e-11 0.9999999999686681
6.43 3.0244012985450585e-11 0.99999999996925
6.4399999999999995 2.9672924082029395e-11 0.9999999999698201
6.45 2.911273987194998e-11 0.9999999999703804
6.46 2.8563241238733927e-11 0.99999999997093
6.47 2.8024213820875974e-11 0.9999999999714684
6.4799999999999995 2.7495447900134117e-11 0.9999999999719964
6.49 2.697673829265337e-11 0.999999999972515
6.5 2.6467884242840046e-11 0.9999999999730236
6.51 2.5968689319917037e-11 0.9999999999735228
6.52 2.5478961317085316e-11 0.9999999999740122
6.53 2.499851215322234e-11 0.9999999999744924
6.54 2.4527157777045708e-11 0.9999999999749634
6.55 2.4064718073679813e-11 0.9999999999754292
6.56 2.3611016773558737e-11 0.9999999999758835
6.57 2.316588136360138e-11 0.9999999999763288
6.58 2.2729143000601504e-11 0.9999999999767656
6.59 2.2300636426768992e-11 0.9999999999771947
6.6 2.188019988736814e-11 0.9999999999776155
6.61 2.1467675050397646e-11 0.9999999999780287
6.62 2.1062906928253728e-11 0.9999999999784337
6.63 2.066574380132798e-11 0.9999999999788308
6.64 2.0276037143486798e-11 0.9999999999792207
6.65 1.989364154938369e-11 0.9999999999796035
6.66 1.951841466355395e-11 0.9999999999799791
6.67 1.9150217111247323e-11 0.9999999999803473
6.68 1.8788912430950823e-11 0.9999999999807082
6.6899999999999995 1.8434367008559273e-11 0.9999999999810627
6.7 1.8086450013147847e-11 0.9999999999814105
6.71 1.774503333430814e-11 0.9999999999817518
6.72 1.7409991521002732e-11 0.9999999999820869
6.7299999999999995 1.708120172190325e-11 0.9999999999824153
6.74 1.6758543627169075e-11 0.9999999999827374
6.75 1.6441899411631883e-11 0.9999999999830537
6.76 1.6131153679349663e-11 0.9999999999833641
6.77 1.5826193409493095e-11 0.9999999999836684
6.78 1.5526907903530205e-11 0.9999999999839668
6.79 1.523318873367896e-11 0.9999999999842597
6.8 1.494492969258915e-11 0.9999999999845469
6.81 1.466202674422805e-11 0.9999999999848294
6.82 1.4384377975935589e-11 0.9999999999851058
6.83 1.4111883551619725e-11 0.9999999999853741
6.84 1.384444566606288e-11 0.9999999999856402
6.85 1.3581968500312016e-11 0.9999999999859019
6.86 1.3324358178123082e-11 0.9999999999861574
6.87 1.3071522723434883e-11 0.9999999999864093
6.88 1.2823372018844496e-11 0.9999999999866555
6.89 1.2579817765060387e-11 0.9999999999868978
6.9 1.2340773441307432e-11 0.9999999999871345
6.91 1.2106154266660302e-11 0.9999999999873679
6.92 1.1875877162281923e-11 0.9999999999875995
6.93 1.1649860714543737e-11 0.9999999999878234
6.9399999999999995 1.142802513900592e-11 0.9999999999880427
6.95 1.1210292245236834e-11 0.9999999999882591
6.96 1.0996585402448917e-11 0.9999999999884832
6.97 1.078682950593199e-11 0.9999999999886907
6.9799999999999995 1.0580950944263853e-11 0.9999999999888941
6.99 1.0378877567278532e-11 0.999999999989094
7.0 1.018053865477389e-11 0.9999999999892765
7.01 9.985864885939203e-12 0.9999999999894689
7.02 9.794788309486147e-12 0.9999999999896573
7.03 9.60724231446499e-12 0.9999999999898419
7.04 9.423161601749386e-12 0.9999999999900228
7.05 9.242482156172793e-12 0.9999999999902002
7.06 9.06514121930209e-12 0.9999999999903753
7.07 8.89107726282972e-12 0.9999999999905461
7.08 8.720229962572898e-12 0.9999999999907134
7.09 8.552540173061844e-12 0.9999999999908777
7.1 8.387949902704831e-12 0.9999999999910393
7.11 8.22640228951422e-12 0.9999999999911975
7.12 8.067841577381918e-12 0.9999999999913531
7.13 7.912213092888476e-12 0.9999999999915054
7.14 7.75946322263488e-12 0.9999999999916547
7.15 7.609539391083243e-12 0.9999999999918012
7.16 7.462390038894539e-12 0.9999999999919448
7.17 7.317964601751077e-12 0.9999999999920854
7.18 7.176213489652564e-12 0.9999999999922231
7.1899999999999995 7.037088066673516e-12 0.999999999992358
7.2 6.9005406311716426e-12 0.9999999999924917
7.21 6.766524396436255e-12 0.9999999999926216
7.22 6.634993471765358e-12 0.999999999992749
7.2299999999999995 6.5059028439627815e-12 0.9999999999928743
7.24 6.3792083592436885e-12 0.9999999999929967
7.25 6.25486670553937e-12 0.9999999999931174
7.26 6.132835395192053e-12 0.9999999999932356
7.27 6.013072748030338e-12 0.9999999999933515
7.28 5.8955378748155675e-12 0.9999999999934645
7.29 5.780190661051364e-12 0.9999999999935753
7.3 5.666991751146852e-12 0.9999999999936842
7.31 5.555902532925783e-12 0.9999999999937919
7.32 5.446885122473169e-12 0.9999999999938963
7.33 5.339902349311286e-12 0.9999999999939985
7.34 5.234917741897527e-12 0.9999999999940993
7.35 5.131895513436668e-12 0.9999999999941981
7.36 5.03080054799985e-12 0.9999999999942951
7.37 4.9315983869428704e-12 0.9999999999943898
7.38 4.834255215617669e-12 0.9999999999944831
7.39 4.738737850369284e-12 0.9999999999945745
7.4 4.645013725811859e-12 0.9999999999946639
7.41 4.553050882377223e-12 0.9999999999947516
7.42 4.4628179541299785e-12 0.9999999999948374
7.43 4.374284156842146e-12 0.9999999999949215
7.4399999999999995 4.28741927632226e-12 0.9999999999950036
7.45 4.202193656992466e-12 0.9999999999950847
7.46 4.118578190707461e-12 0.9999999999951639
7.47 4.036544305810868e-12 0.9999999999952415
7.4799999999999995 3.956063956422548e-12 0.9999999999953176
7.49 3.877109611951561e-12 0.9999999999953757
7.5 3.799654246830144e-12 0.9999999999954519
7.51 3.723671330463464e-12 0.9999999999955369
7.52 3.649134817389291e-12 0.9999999999956075
7.53 3.5760191376443194e-12 0.9999999999956762
7.54 3.5042991873310624e-12 0.9999999999957433
7.55 3.433950319381052e-12 0.999999999995809
7.56 3.3649483345105886e-12 0.9999999999958744
7.57 3.297269472363448e-12 0.9999999999959378
7.58 3.230890402837268e-12 0.9999999999959995
7.59 3.165788217588679e-12 0.9999999999960616
7.6 3.101940421713677e-12 0.9999999999961218
7.61 3.0393249255989236e-12 0.99999999999618
7.62 2.9779200369401356e-12 0.9999999999962372
7.63 2.9177044529238118e-12 0.9999999999962926
7.64 2.8586572525686118e-12 0.9999999999963485
7.65 2.800757889222464e-12 0.9999999999964018
7.66 2.743986183212685e-12 0.9999999999964551
7.67 2.6883223146443907e-12 0.9999999999965071
7.68 2.6337468163450884e-12 0.999999999996557
7.6899999999999995 2.580240566951435e-12 0.9999999999966065
7.7 2.5277847841351382e-12 0.9999999999966553
7.71 2.476361017964757e-12 0.9999999999967034
7.72 2.425951144400803e-12 0.9999999999967495
7.7299999999999995 2.376537358920546e-12 0.9999999999967958
7.74 2.328102170269776e-12 0.9999999999968406
7.75 2.28062839433941e-12 0.9999999999968844
7.76 2.2340991481628135e-12 0.9999999999969269
7.77 2.1884978440324446e-12 0.9999999999969692
7.78 2.14380818373246e-12 0.9999999999970108
7.79 2.1000141528849693e-12 0.9999999999970506
7.8 2.0571000154071014e-12 0.9999999999970905
7.81 2.0150503080772197e-12 0.9999999999971289
7.82 1.9738498352070057e-12 0.9999999999971669
7.83 1.933483663417533e-12 0.9999999999972041
7.84 1.893937116517306e-12 0.9999999999972405
7.85 1.855195770479503e-12 0.9999999999972768
7.86 1.8172454485167577e-12 0.9999999999973112
7.87 1.7800722162511544e-12 0.999999999997346
7.88 1.7436623769775952e-12 0.999999999997379
7.89 1.7080024670183475e-12 0.9999999999974122
7.9 1.6730792511670579e-12 0.9999999999974437
7.91 1.6388797182202484e-12 0.9999999999974759
7.92 1.6053910765947332e-12 0.999999999997507
7.93 1.5726007500286397e-12 0.999999999997537
7.94 1.5404963733651731e-12 0.9999999999975664
7.95 1.5090657884168263e-12 0.9999999999975956
7.96 1.4782970399084922e-12 0.9999999999976241
7.97 1.4481783714984492e-12 0.999999999997652
7.9799999999999995 1.418698221875216e-12 0.9999999999976793
7.99 1.3898452209289632e-12 0.999999999997706
8.0 1.3616081859962931e-12 0.9999999999977319
8.01 1.3339761181769053e-12 0.9999999999977573
8.02 1.3069381987207717e-12 0.9999999999977827
8.03 1.2804837854848499e-12 0.9999999999978074
8.04 1.2546024094580325e-12 0.9999999999978317
8.05 1.2292837713529523e-12 0.9999999999978548
8.06 1.2045177382641546e-12 0.9999999999978787
8.07 1.1802943403910426e-12 0.9999999999978639
8.08 1.1566037678246903e-12 0.9999999999978827
8.09 1.13343636739813e-12 0.9999999999979451
8.1 1.1107826395985168e-12 0.9999999999979667
8.11 1.088633235540645e-12 0.9999999999979872
8.12 1.0669789540012105e-12 0.9999999999980077
8.13 1.0458107385128035e-12 0.9999999999980282
8.14 1.025119674517007e-12 0.9999999999980477
8.15 1.0048969865759332e-12 0.9999999999980668
8.16 9.851340356418728e-13 0.999999999998086
8.17 9.658223163838607e-13 0.9999999999981047
8.18 9.469534545713598e-13 0.999999999998123
8.19 9.285192045142032e-13 0.9999999999981403
8.2 9.105114465581432e-13 0.999999999998158
8.209999999999999 8.929221846361857e-13 0.9999999999981758
8.22 8.757435438749077e-13 0.9999999999981917
8.23 8.589677682553907e-13 0.9999999999982087
8.24 8.425872183287797e-13 0.9999999999982253
8.25 8.265943689861002e-13 0.999999999998241
8.26 8.109818072816666e-13 0.999999999998256
8.27 7.957422303105632e-13 0.9999999999982716
8.28 7.808684431395463e-13 0.9999999999982867
8.29 7.663533567911131e-13 0.9999999999983015
8.3 7.5218998628091e-13 0.9999999999983158
8.31 7.383714487081581e-13 0.9999999999983304
8.32 7.248909613987405e-13 0.9999999999983438
8.33 7.117418401011693e-13 0.9999999999983573
8.34 6.989174972350813e-13 0.9999999999983711
8.35 6.864114401920239e-13 0.9999999999983847
8.36 6.742172696885722e-13 0.9999999999983973
8.37 6.623286781714963e-13 0.9999999999984097
8.38 6.507394482746905e-13 0.9999999999984228
8.39 6.394434513277654e-13 0.9999999999984349
8.4 6.284346459160471e-13 0.9999999999984466
8.41 6.177070764915949e-13 0.9999999999984586
8.42 6.072548720349027e-13 0.9999999999984704
8.43 5.970722447671785e-13 0.9999999999984819
8.44 5.87153488912261e-13 0.9999999999984933
8.45 5.774929795082812e-13 0.9999999999985043
8.459999999999999 5.680851712680702e-13 0.9999999999985155
8.47 5.589245974879062e-13 0.9999999999985256
8.48 5.500058690040946e-13 0.9999999999985368
8.49 5.413236731962666e-13 0.9999999999985467
8.5 5.328727730368451e-13 0.9999999999985572
8.51 5.246480061858782e-13 0.9999999999985668
8.52 5.16644284130003e-13 0.999999999998577
8.53 5.088565913646326e-13 0.9999999999985867
8.54 5.012799846184081e-13 0.9999999999985965
8.55 4.939095921184357e-13 0.9999999999986058
8.56 4.867406128950907e-13 0.9999999999986154
8.57 4.797683161253311e-13 0.9999999999986245
8.58 4.729880405125109e-13 0.9999999999986336
8.59 4.663951937017526e-13 0.9999999999986425
8.6 4.599852517288537e-13 0.9999999999986519
8.61 4.5375375850135965e-13 0.9999999999986603
8.62 4.4769632530993964e-13 0.9999999999986684
8.63 4.418086303681388e-13 0.9999999999986775
8.64 4.3608641837899805e-13 0.9999999999986857
8.65 4.3052550012641915e-13 0.9999999999986935
8.66 4.2512175208930097e-13 0.9999999999987018
8.67 4.198711160766057e-13 0.9999999999987103
8.68 4.1476959888131474e-13 0.999999999998718
8.69 4.0981327195121393e-13 0.9999999999987257
8.7 4.0499827107447557e-13 0.9999999999987337
8.71 4.003207960781341e-13 0.9999999999987413
8.72 3.9577711053716867e-13 0.9999999999987489
8.73 3.913635414924032e-13 0.9999999999987568
8.74 3.8707647917522987e-13 0.999999999998764
8.75 3.8291237673688626e-13 0.9999999999987711
8.76 3.788677499808778e-13 0.9999999999987781
8.77 3.7493917709612105e-13 0.9999999999987855
8.78 3.7112329838952627e-13 0.999999999998793
8.79 3.674168160156931e-13 0.9999999999987998
8.8 3.638164937026474e-13 0.9999999999988066
8.81 3.603191564714365e-13 0.9999999999988136
8.82 3.5692169034851435e-13 0.9999999999988206
8.83 3.536210420692655e-13 0.9999999999988274
8.84 3.504142187712591e-13 0.9999999999988344
8.85 3.472982876763034e-13 0.9999999999988409
8.86 3.442703757597431e-13 0.9999999999988473
8.87 3.4132766940633564e-13 0.9999999999988536
8.88 3.384674140515028e-13 0.9999999999988604
8.89 3.3568691380747684e-13 0.9999999999988665
8.9 3.329835310731014e-13 0.9999999999988727
8.91 3.303546861272637e-13 0.999999999998879
8.92 3.2779785670512357e-13 0.9999999999988853
8.93 3.2531057755668253e-13 0.9999999999988914
8.94 3.2289043998776664e-13 0.999999999998898
8.95 3.20535091382895e-13 0.9999999999989041
8.96 3.1824223471008463e-13 0.9999999999989101
8.97 3.1600962800760707e-13 0.999999999998916
8.98 3.13835083852858e-13 0.9999999999989221
8.99 3.1171646881328905e-13 0.9999999999989283
9.0 3.096517028800175e-13 0.999999999998934
9.01 3.0763875888421374e-13 0.9999999999989396
9.02 3.0567566189677035e-13 0.9999999999989454
9.03 3.0376048861168014e-13 0.9999999999989515
9.04 3.018913667138901e-13 0.9999999999989574
9.05 3.0006647423188135e-13 0.9999999999989629
9.06 2.982840388759293e-13 0.9999999999989686
9.07 2.965423373627078e-13 0.9999999999989746
9.08 2.948396947268015e-13 0.99999999999898
9.09 2.93174483620073e-13 0.9999999999989858
9.1 2.9154512359970264e-13 0.9999999999989915
9.11 2.8995008040555794e-13 0.999999999998997
9.12 2.88387865227952e-13 0.999999999999002
9.13 2.868570339665541e-13 0.999999999999008
9.14 2.8535618648126495e-13 0.9999999999990132
9.15 2.8388396583611646e-13 0.9999999999990181
9.16 2.824390575369055e-13 0.9999999999990237
9.17 2.8102018876347916e-13 0.9999999999990291
9.18 2.796261275976852e-13 0.9999999999990351
9.19 2.7825568224763056e-13 0.9999999999990401
9.2 2.7690770026930814e-13 0.9999999999990457
9.21 2.7558106778625934e-13 0.9999999999990509
9.22 2.742747087082561e-13 0.999999999999056
9.23 2.729875839496621e-13 0.9999999999990615
9.24 2.7171869064834683e-13 0.9999999999990662
9.25 2.7046706138583727e-13 0.9999999999990712
9.26 2.6923176340956774e-13 0.9999999999990765
9.27 2.6801189785777016e-13 0.9999999999990812
9.28 2.668065989877801e-13 0.9999999999990866
9.29 2.6561503340840613e-13 0.9999999999990913
9.3 2.6443639931698694e-13 0.9999999999990966
9.31 2.632699257416328e-13 0.9999999999991015
9.32 2.6211487178941994e-13 0.9999999999991065
9.33 2.60970525900822e-13 0.999999999999112
9.34 2.59836205111099e-13 0.9999999999991173
9.35 2.587112543189574e-13 0.9999999999991172
9.36 2.5759504556300093e-13 0.9999999999991214
9.37 2.564869773064052e-13 0.9999999999991254
9.38 2.5538647373013763e-13 0.9999999999991305
9.39 2.542929840351212e-13 0.9999999999991345
9.4 2.532059817536501e-13 0.999999999999138
9.41 2.521249640703648e-13 0.9999999999991425
9.42 2.5104945115305934e-13 0.9999999999991471
9.43 2.4997898549358425e-13 0.9999999999991518
9.44 2.4891313125898926e-13 0.9999999999991457
9.45 2.4785147365327483e-13 0.99999999999916
9.46 2.467936182897167e-13 0.9999999999991752
9.47 2.4573919057401925e-13 0.9999999999991794
9.48 2.446878350984869e-13 0.9999999999991843
9.49 2.436392150472051e-13 0.9999999999991885
9.5 2.4259301161236053e-13 0.9999999999991932
9.51 2.4154892342182143e-13 0.9999999999991979
9.52 2.4050666597794944e-13 0.9999999999992021
9.53 2.3946597110772504e-13 0.9999999999992072
9.54 2.384265864241791e-13 0.9999999999992116
9.55 2.373882747991807e-13 0.9999999999992158
9.56 2.363508138474767e-13 0.9999999999992207
9.57 2.3531399542205384e-13 0.9999999999992247
9.58 2.342776251207295e-13 0.9999999999992298
9.59 2.3324152180391345e-13 0.9999999999992345
9.6 2.3220551712350075e-13 0.9999999999992394
9.61 2.3116945506282765e-13 0.9999999999992429
9.62 2.3013319148756467e-13 0.9999999999992469
9.63 2.2909659370751163e-13 0.9999999999992523
9.64 2.2805954004913015e-13 0.9999999999992563
9.65 2.270219194387446e-13 0.9999999999992598
9.66 2.2598363099630815e-13 0.9999999999992645
9.67 2.2494458363953626e-13 0.9999999999992689
9.68 2.2390469569837861e-13 0.9999999999992736
9.69 2.2286389453961185e-13 0.9999999999992776
9.7 2.2182211620145807e-13 0.9999999999992822
9.71 2.207793050380583e-13 0.9999999999992862
9.72 2.197354133736848e-13 0.9999999999992903
9.73 2.186904011664907e-13 0.9999999999992946
9.74 2.176442356817094e-13 0.9999999999992986
9.75 2.1659689117405207e-13 0.9999999999993028
9.76 2.1554834857928676e-13 0.9999999999993068
9.77 2.1449859521464857e-13 0.9999999999993106
9.78 2.1344762448808858e-13 0.9999999999993149
9.79 2.1239543561611342e-13 0.9999999999993184
9.8 2.1134203335003515e-13 0.9999999999993224
9.81 2.1028742771053216e-13 0.9999999999993269
9.82 2.0923163373031115e-13 0.9999999999993306
9.83 2.0817467120467e-13 0.9999999999993351
9.84 2.0711656444989908e-13 0.9999999999993392
9.85 2.0605734206924603e-13 0.9999999999993436
9.86 2.0499703672633028e-13 0.999999999999347
9.87 2.0393568492586735e-13 0.9999999999993502
9.88 2.0287332680147141e-13 0.9999999999993552
9.89 2.0181000591043936e-13 0.9999999999993584
9.9 2.0074576903531356e-13 0.9999999999993617
9.91 1.996806659920999e-13 0.9999999999993658
9.92 1.986147494449372e-13 0.9999999999993696
9.93 1.9754807472709596e-13 0.9999999999993738
9.94 1.9648069966817316e-13 0.9999999999993774
9.95 1.9541268442723873e-13 0.9999999999993815
9.96 1.9434409133191613e-13 0.999999999999385
9.97 1.9327498472312156e-13 0.9999999999993886
9.98 1.9220543080541254e-13 0.9999999999993925
9.99 1.9113549750272748e-13 0.9999999999993958
10.0 1.900652543194371e-13 0.9999999999993993
10.01 1.8899477220650862e-13 0.9999999999994033
10.02 1.8792412343271713e-13 0.9999999999994064
10.03 1.868533814606793e-13 0.9999999999994102
10.04 1.8578262082765716e-13 0.9999999999994134
10.05 1.847119170309586e-13 0.999999999999417
10.06 1.836413464178121e-13 0.9999999999994208
10.07 1.8257098607961115e-13 0.9999999999994241
10.08 1.815009137503643e-13 0.999999999999428
10.09 1.804312077092757e-13 0.9999999999994316
10.1 1.7936194668731532e-13 0.9999999999994353
10.11 1.7829320977764953e-13 0.9999999999994381
10.12 1.772250763498493e-13 0.9999999999994409
10.13 1.7615762596773416e-13 0.9999999999994453
10.14 1.7509093831077662e-13 0.9999999999994481
10.15 1.740250930989339e-13 0.9999999999994508
10.16 1.7296017002080284e-13 0.9999999999994544
10.17 1.7189624866501358e-13 0.999999999999458
10.18 1.7083340845475924e-13 0.9999999999994615
10.19 1.697717285853496e-13 0.9999999999994648
10.2 1.6871128796470199e-13 0.9999999999994681
10.21 1.676521651566929e-13 0.9999999999994713
10.22 1.6659443832725868e-13 0.9999999999994745
10.23 1.6553818519315698e-13 0.9999999999994776
10.24 1.6448348297331202e-13 0.99999999999948
10.25 1.6343040834267135e-13 0.9999999999994837
10.26 1.6237903738846692e-13 0.999999999999437
10.27 1.6132944556881667e-13 0.9999999999994893
10.28 1.6028170767358637e-13 0.9999999999994926
10.29 1.5923589778742448e-13 0.9999999999994956
10.3 1.581920892549327e-13 0.9999999999994986
10.31 1.5715035464783794e-13 0.999999999999502
10.32 1.5611076573416622e-13 0.9999999999995045
10.33 1.5507339344929713e-13 0.9999999999995082
10.34 1.540383078688519e-13 0.9999999999995113
10.35 1.530055781833685e-13 0.9999999999995143
10.36 1.5197527267466032e-13 0.9999999999995166
10.37 1.5094745869383065e-13 0.9999999999995192
10.38 1.4992220264087966e-13 0.9999999999995227
10.39 1.4889956994583228e-13 0.9999999999995253
10.4 1.4787962505133665e-13 0.9999999999995274
10.41 1.4686243139668893e-13 0.9999999999995307
10.42 1.4584805140321999e-13 0.9999999999995335
10.43 1.4483654646098817e-13 0.9999999999993328
10.44 1.438279769167442e-13 0.9999999999995393
10.45 1.4282240206312346e-13 0.9999999999995424
10.46 1.418198801289708e-13 0.9999999999995451
10.47 1.4082046827082765e-13 0.9999999999995475
10.48 1.3982422256547255e-13 0.9999999999995502
10.49 1.38831198003506e-13 0.9999999999995527
10.5 1.378414484839273e-13 0.9999999999995552
10.51 1.3685502680966137e-13 0.9999999999995582
10.52 1.358719846840083e-13 0.9999999999995601
10.53 1.348923727079572e-13 0.9999999999995629
10.54 1.3391624037834937e-13 0.9999999999995657
10.55 1.3294363608682992e-13 0.9999999999995678
10.56 1.31974607119585e-13 0.9999999999995707
10.57 1.3100919965780457e-13 0.9999999999995728
10.58 1.3004745877884805e-13 0.9999999999995756
10.59 1.2908942845807664e-13 0.9999999999995786
10.6 1.2813515157133522e-13 0.9999999999995809
10.61 1.2718466989804035e-13 0.9999999999995832
10.62 1.2623802412484324e-13 0.9999999999995849
10.63 1.2529525384986007e-13 0.9999999999995884
10.64 1.2435639758742054e-13 0.9999999999995902
10.65 1.2342149277332537e-13 0.9999999999995921
10.66 1.22490575770568e-13 0.9999999999995947
10.67 1.2156368187552446e-13 0.9999999999995973
10.68 1.2064084532455855e-13 0.9999999999995999
10.69 1.197220993010476e-13 0.999999999999602
10.7 1.188074759427749e-13 0.9999999999996041
10.71 1.1789700634970525e-13 0.9999999999996064
10.72 1.1699072059208972e-13 0.9999999999996088
10.73 1.1608864771889484e-13 0.9999999999996109
10.74 1.1519081576654444e-13 0.999999999999613
10.75 1.1429725176794057e-13 0.9999999999996151
10.76 1.1340798176175502e-13 0.9999999999996172
10.77 1.1252303080197284e-13 0.9999999999996193
10.78 1.1164242296766471e-13 0.9999999999996216
10.79 1.1076618137299257e-13 0.9999999999996234
10.8 1.0989432817739748e-13 0.9999999999996259
10.81 1.0902688459600217e-13 0.9999999999996281
10.82 1.0816387091016031e-13 0.9999999999996297
10.83 1.0730530647819178e-13 0.9999999999996323
10.84 1.0645120974625217e-13 0.9999999999996342
10.85 1.0560159825933421e-13 0.9999999999996365
10.86 1.0475648867240883e-13 0.9999999999996382
10.87 1.0391589676165793e-13 0.9999999999996398
10.88 1.0307983743581909e-13 0.9999999999996424
10.89 1.022483247476189e-13 0.9999999999996441
10.9 1.0142137190527688e-13 0.9999999999996458
10.91 1.0059899128408975e-13 0.999999999999648
10.92 9.978119443805998e-14 0.9999999999996496
10.93 9.896799211159541e-14 0.9999999999996515
10.94 9.815939425122576e-14 0.9999999999996534
10.95 9.735541001736537e-14 0.9999999999996553
10.96 9.655604779610666e-14 0.9999999999996576
10.97 9.576131521100928e-14 0.9999999999996593
10.98 9.497121913492072e-14 0.9999999999996608
10.99 9.418576570178275e-14 0.9999999999996627
11.0 9.340496031844057e-14 0.9999999999996644
11.01 9.262880767644465e-14 0.9999999999996663
11.02 9.185731176382174e-14 0.9999999999996678
11.03 9.109047587683306e-14 0.9999999999996699
11.04 9.032830263170345e-14 0.9999999999996716
11.05 8.957079397631015e-14 0.999999999999673
11.06 8.881795120183458e-14 0.9999999999996746
11.07 8.806977495436694e-14 0.9999999999996763
11.08 8.732626524647004e-14 0.9999999999996784
11.09 8.65874214686749e-14 0.99999999999968
11.1 8.585324240093428e-14 0.9999999999996819
11.11 8.512372622399634e-14 0.9999999999996835
11.12 8.439887053073115e-14 0.9999999999996845
11.13 8.367867233737121e-14 0.9999999999996866
11.14 8.296312809469225e-14 0.999999999999688
11.15 8.225223369910474e-14 0.9999999999996894
11.16 8.154598450368111e-14 0.9999999999996912
11.17 8.084437532908523e-14 0.9999999999996927
11.18 8.014740047442704e-14 0.9999999999996945
11.19 7.945505372803132e-14 0.9999999999996959
11.2 7.87673283781061e-14 0.9999999999996974
11.21 7.808421722333038e-14 0.9999999999997284
11.22 7.740571258333831e-14 0.9999999999997291
11.23 7.673180630911852e-14 0.99999999999973
11.24 7.606248979330166e-14 0.9999999999997029
11.25 7.539775398036018e-14 0.999999999999705
11.26 7.473758937670242e-14 0.9999999999997062
11.27 7.408198606066048e-14 0.9999999999997078
11.28 7.343093369238117e-14 0.9999999999997088
11.29 7.278442152360682e-14 0.9999999999997102
11.3 7.214243840735357e-14 0.999999999999712
11.31 7.150497280747836e-14 0.999999999999713
11.32 7.087201280813927e-14 0.9999999999997143
11.33 7.02435461231504e-14 0.999999999999716
11.34 6.961956010522073e-14 0.999999999999717
11.35 6.900004175509142e-14 0.999999999999719
11.36 6.838497773055011e-14 0.9999999999997198
11.37 6.777435435534719e-14 0.9999999999997207
11.38 6.716815762799208e-14 0.9999999999997228
11.39 6.656637323043785e-14 0.9999999999997236
11.4 6.596898653666009e-14 0.9999999999997249
11.41 6.537598262111353e-14 0.9999999999997263
11.42 6.47873462670877e-14 0.9999999999997274
11.43 6.420306197493876e-14 0.9999999999997291
11.44 6.362311397021836e-14 0.99999999999973
11.45 6.30474862116834e-14 0.999999999999731
11.46 6.247616239919864e-14 0.9999999999997324
11.47 6.190912598152296e-14 0.9999999999997335
11.48 6.134636016398868e-14 0.9999999999997348
11.49 6.078784791606339e-14 0.9999999999997359
11.5 6.023357197880577e-14 0.9999999999997371
11.51 5.968351487221088e-14 0.9999999999997384
11.52 5.913765890243756e-14 0.9999999999997392
11.53 5.859598616893874e-14 0.9999999999997405
11.54 5.805847857147017e-14 0.9999999999997413
11.55 5.752511781699716e-14 0.9999999999997427
11.56 5.699588542649208e-14 0.9999999999997436
11.57 5.647076274162119e-14 0.9999999999997445
11.58 5.594973093133083e-14 0.999999999999746
11.59 5.543277099832002e-14 0.9999999999997471
11.6 5.491986378541085e-14 0.9999999999997481
11.61 5.441098998181736e-14 0.999999999999749
11.62 5.390613012930131e-14 0.9999999999997496
11.63 5.340526462823654e-14 0.9999999999997513
11.64 5.290837374355739e-14 0.9999999999997524
11.65 5.2415437610618705e-14 0.9999999999997528
11.66 5.192643624094236e-14 0.9999999999997541
11.67 5.1441349527874015e-14 0.9999999999997551
11.68 5.0960157252133004e-14 0.9999999999997558
11.69 5.0482839087270145e-14 0.999999999999757
11.7 5.000937460502311e-14 0.9999999999997581
11.71 4.953974328057602e-14 0.9999999999997587
11.72 4.9073924497727364e-14 0.9999999999997597
11.73 4.861189755395612e-14 0.9999999999997604
11.74 4.81536416654022e-14 0.9999999999997611
11.75 4.769913597174642e-14 0.9999999999997625
11.76 4.724835954100558e-14 0.9999999999997635
11.77 4.6801291374229405e-14 0.9999999999997642
11.78 4.6357910410114113e-14 0.9999999999997646
11.79 4.5918195529522635e-14 0.9999999999997657
11.8 4.5482125559917064e-14 0.9999999999997665
11.81 4.504967927970879e-14 0.9999999999997674
11.82 4.4620835422516234e-14 0.9999999999997684
11.83 4.4195572681340596e-14 0.9999999999997691
11.84 4.3773869712657936e-14 0.99999999999977
11.85 4.335570514042799e-14 0.9999999999997712
11.86 4.294105756001892e-14 0.9999999999997714
11.87 4.252990554205403e-14 0.9999999999997723
11.88 4.212222763617705e-14 0.9999999999997731
11.89 4.171800237473869e-14 0.999999999999774
11.9 4.131720827640097e-14 0.9999999999997744
11.91 4.0919823849676254e-14 0.9999999999997752
11.92 4.0525827596372425e-14 0.9999999999997761
11.93 4.013519801498185e-14 0.9999999999997768
11.94 3.974791360398185e-14 0.9999999999997777
11.95 3.9363952865068956e-14 0.9999999999997784
11.96 3.8983294306320914e-14 0.9999999999997794
11.97 3.8605916445284796e-14 0.9999999999997798
11.98 3.823179781199806e-14 0.9999999999997803
11.99 3.786091695193661e-14 0.9999999999997812
12.0 3.749325242890094e-14 0.999999999999782
12.01 3.7128782827827504e-14 0.9999999999997826
12.02 3.67674867575395e-14 0.9999999999997833
12.03 3.6409342853429945e-14 0.9999999999997838
12.040000000000001 3.605432978008036e-14 0.9999999999997845
12.05 3.5702426233818095e-14 0.9999999999997854
12.06 3.535361094520907e-14 0.999999999999786
12.07 3.500786268148759e-14 0.9999999999997864
12.08 3.4665160248931836e-14 0.9999999999997873
12.09 3.432548249516985e-14 0.9999999999997877
12.1 3.3988808311439467e-14 0.999999999999789
12.11 3.365511663477661e-14 0.9999999999997892
12.12 3.332438645015607e-14 0.9999999999997898
12.13 3.2996596792575455e-14 0.9999999999997904
12.14 3.267172674907738e-14 0.9999999999997913
12.15 3.234975546072786e-14 0.9999999999997917
12.16 3.203066212452877e-14 0.9999999999997925
12.17 3.171442599528923e-14 0.9999999999997929
12.18 3.140102638743852e-14 0.9999999999997938
12.19 3.1090442676790736e-14 0.9999999999997945
12.2 3.078265430225687e-14 0.9999999999997948
12.21 3.047764076751091e-14 0.9999999999997957
12.22 3.0175381642605843e-14 0.9999999999997962
12.23 2.9875856565542634e-14 0.9999999999997966
12.24 2.95790452437911e-14 0.9999999999997974
12.25 2.9284927455766167e-14 0.999999999999798
12.26 2.8993483052258554e-14 0.9999999999997987
12.27 2.8704691957822026e-14 0.999999999999799
12.28 2.841853417211495e-14 0.9999999999997997
12.290000000000001 2.8134989771199657e-14 0.9999999999998008
12.3 2.785403890880169e-14 0.9999999999998013
12.31 2.7575661817524466e-14 0.9999999999998016
12.32 2.7299838810026023e-14 0.999999999999802
12.33 2.7026550280153634e-14 0.9999999999998013
12.34 2.6755776704041663e-14 0.9999999999998025
12.35 2.648749864116838e-14 0.9999999999998035
12.36 2.6221696735376832e-14 0.9999999999998046
12.37 2.5958351715857522e-14 0.9999999999998046
12.38 2.5697444398095674e-14 0.9999999999998058
12.39 2.5438955684782118e-14 0.9999999999998057
12.4 2.5182866566688914e-14 0.9999999999998063
12.41 2.4929158123511476e-14 0.9999999999998067
12.42 2.4677811524675126e-14 0.9999999999998072
12.43 2.4428808030111758e-14 0.9999999999998076
12.44 2.418212899100097e-14 0.9999999999998084
12.45 2.393775585047936e-14 0.9999999999998086
12.46 2.3695670144321635e-14 0.9999999999998088
12.47 2.34558535015887e-14 0.9999999999998095
12.48 2.321828764524552e-14 0.9999999999998099
12.49 2.298295439275045e-14 0.9999999999998102
12.5 2.2749835656616152e-14 0.9999999999998109
12.51 2.2518913444940016e-14 0.9999999999998114
12.52 2.2290169861910943e-14 0.9999999999998114
12.53 2.2063587108284706e-14 0.9999999999998124
12.540000000000001 2.1839147481835036e-14 0.9999999999998124
12.55 2.1616833377778447e-14 0.999999999999813
12.56 2.1396627289173828e-14 0.9999999999998133
12.57 2.1178511807295058e-14 0.9999999999998137
12.58 2.096246962198238e-14 0.9999999999998141
12.59 2.0748483521968014e-14 0.9999999999998146
12.6 2.0536536395177064e-14 0.9999999999998147
12.61 2.0326611229009096e-14 0.9999999999998151
12.62 2.0118691110594057e-14 0.9999999999998156
12.63 1.991275922702697e-14 0.999999999999816
12.64 1.970879886558279e-14 0.9999999999998165
12.65 1.9506793413908492e-14 0.9999999999998167
12.66 1.9306726360194894e-14 0.999999999999817
12.67 1.9108581293329682e-14 0.9999999999998173
12.68 1.8912341903028468e-14 0.9999999999998179
12.69 1.8717991979949948e-14 0.9999999999998181
12.7 1.852551541578836e-14 0.9999999999998188
12.71 1.8334896203351467e-14 0.9999999999998188
12.72 1.814611843661835e-14 0.9999999999998191
12.73 1.7959166310779398e-14 0.9999999999998196
12.74 1.777402412226183e-14 0.9999999999998198
12.75 1.759067626873456e-14 0.9999999999998205
12.76 1.7409107249101513e-14 0.9999999999998209
12.77 1.7229301663474363e-14 0.9999999999998211
12.78 1.7051244213133964e-14 0.9999999999998215
12.790000000000001 1.6874919700472903e-14 0.9999999999998215
12.8 1.6700313028926366e-14 0.9999999999998221
12.81 1.6527409202886808e-14 0.9999999999998224
12.82 1.6356193327604903e-14 0.9999999999998228
12.83 1.6186650609077317e-14 0.9999999999998226
12.84 1.6018766353920904e-14 0.9999999999998235
12.85 1.5852525969233856e-14 0.9999999999998236
12.86 1.5687914962443652e-14 0.999999999999824
12.87 1.5524918941143843e-14 0.9999999999998243
12.88 1.5363523612917222e-14 0.9999999999998245
12.89 1.520371478514972e-14 0.9999999999998247
12.9 1.5045478364830277e-14 0.9999999999998251
12.91 1.488880035834123e-14 0.9999999999998256
12.92 1.47336668712371e-14 0.9999999999998259
12.93 1.4580064108013896e-14 0.9999999999998257
12.94 1.44279783718672e-14 0.9999999999998259
12.95 1.427739606444121e-14 0.9999999999998257
12.96 1.412830368556671e-14 0.9999999999998261
12.97 1.3980687832992364e-14 0.9999999999998259
12.98 1.3834535202103414e-14 0.9999999999998261
12.99 1.368983258563474e-14 0.9999999999998261
13.0 1.3546566873373451e-14 0.9999999999998264
13.01 1.3404725051854093e-14 0.9999999999998268
13.02 1.3264294204045208e-14 0.9999999999998268
13.03 1.3125261509028293e-14 0.9999999999998266
13.040000000000001 1.2987614241669773e-14 0.9999999999998266
13.05 1.2851339772284306e-14 0.9999999999998266
13.06 1.2716425566292756e-14 0.9999999999998268
13.07 1.2582859183871877e-14 0.9999999999998268
13.08 1.2450628279597598e-14 0.9999999999998264
13.09 1.2319720602083115e-14 0.99999999999983
13.1 1.2190123993608358e-14 0.9999999999998301
13.11 1.206182638974668e-14 0.9999999999998306
13.12 1.1934815818982439e-14 0.9999999999998306
13.13 1.180908040232551e-14 0.9999999999998306
13.14 1.1684608352919316e-14 0.999999999999831
13.15 1.156138797564325e-14 0.9999999999998315
13.16 1.1439407666711774e-14 0.999999999999831
13.17 1.1318655913266337e-14 0.9999999999998317
13.18 1.119912129296499e-14 0.9999999999998317
13.19 1.108079247356641e-14 0.9999999999998321
13.2 1.0963658212508774e-14 0.9999999999998324
13.21 1.084770735648676e-14 0.9999999999998324
13.22 1.0732928841022853e-14 0.9999999999998327
13.23 1.0619311690035155e-14 0.9999999999998325
13.24 1.0506845015402589e-14 0.9999999999998334
13.25 1.039551801652552e-14 0.9999999999998334
13.26 1.02853199798835e-14 0.9999999999998336
13.27 1.0176240278590022e-14 0.9999999999998338
13.28 1.00682683719443e-14 0.999999999999834
13.290000000000001 9.961393804979914e-15 0.999999999999834
13.3 9.85560620801149e-15 0.9999999999998346
13.31 9.750895296177389e-15 0.9999999999998346
13.32 9.647250868982054e-15 0.999999999999835
13.33 9.544662809834017e-15 0.9999999999998346
13.34 9.443121085583143e-15 0.9999999999998352
13.35 9.342615746055295e-15 0.999999999999835
13.36 9.243136923585638e-15 0.9999999999998355
13.37 9.144674832548726e-15 0.9999999999998359
13.38 9.047219768889462e-15 0.9999999999998357
13.39 8.950762109649824e-15 0.9999999999998359
13.4 8.855292312496052e-15 0.9999999999998361
13.41 8.760800915243697e-15 0.9999999999998361
13.42 8.667278535381388e-15 0.9999999999998366
13.43 8.574715869594969e-15 0.9999999999998366
13.44 8.483103693288004e-15 0.9999999999998369
13.45 8.392432860103901e-15 0.9999999999998366
13.46 8.302694301445819e-15 0.9999999999998369
13.47 8.213879025996655e-15 0.9999999999998371
13.48 8.125978119238218e-15 0.9999999999998374
13.49 8.038982742969163e-15 0.9999999999998374
13.5 7.952884134824025e-15 0.9999999999998378
13.51 7.867673607790978e-15 0.9999999999998378
13.52 7.783342549729099e-15 0.9999999999998385
13.53 7.699882422886143e-15 0.9999999999998382
13.540000000000001 7.617284763416537e-15 0.9999999999998382
13.55 7.53554118089808e-15 0.9999999999998387
13.56 7.454643357850484e-15 0.9999999999998387
13.57 7.374583049252263e-15 0.999999999999839
13.58 7.29535208205956e-15 0.9999999999998389
13.59 7.216942354724406e-15 0.9999999999998392
13.6 7.139345836713222e-15 0.999999999999839
13.61 7.0625545680265764e-15 0.999999999999839
13.62 6.986560658718676e-15 0.9999999999998397
13.63 6.911356288417843e-15 0.9999999999998392
13.64 6.836933705847823e-15 0.9999999999998399
13.65 6.763285228349385e-15 0.9999999999998399
13.66 6.690403241403172e-15 0.9999999999998369
13.67 6.618280198152846e-15 0.9999999999998374
13.68 6.5469086189298115e-15 0.9999999999998369
13.69 6.476281090778425e-15 0.9999999999998374
13.7 6.406390266982215e-15 0.999999999999838
13.71 6.3372288665917975e-15 0.9999999999998374
13.72 6.268789673952578e-15 0.9999999999998374
13.73 6.201065538235371e-15 0.9999999999998382
13.74 6.134049372966553e-15 0.9999999999998382
13.75 6.06773415556097e-15 0.9999999999998382
13.76 6.002112926854876e-15 0.9999999999998378
13.77 5.937178790641323e-15 0.999999999999838
13.78 5.872924913205696e-15 0.9999999999998382
13.790000000000001 5.8093445228641715e-15 0.9999999999998382
13.8 5.74643090950266e-15 0.999999999999838
13.81 5.68417742411699e-15 0.9999999999998387
13.82 5.622577478356126e-15 0.9999999999998389
13.83 5.561624544065005e-15 0.9999999999998385
13.84 5.501312152830821e-15 0.9999999999998422
13.85 5.4416338955295025e-15 0.9999999999998418
13.86 5.382583421875261e-15 0.9999999999998422
13.87 5.324154439970406e-15 0.9999999999998425
13.88 5.2663407158580544e-15 0.999999999999842
13.89 5.209136073076255e-15 0.9999999999998425
13.9 5.152534392213704e-15 0.9999999999998429
13.91 5.0965296104676944e-15 0.9999999999998551
13.92 5.0411157212036055e-15 0.999999999999856
13.93 4.986286773516476e-15 0.9999999999998556
13.94 4.932036871794517e-15 0.999999999999856
13.95 4.878360175284345e-15 0.9999999999998558
13.96 4.825250897658454e-15 0.9999999999998562
13.97 4.7727033065845145e-15 0.999999999999857
13.98 4.7207117232968e-15 0.9999999999998567
13.99 4.669270522169548e-15 0.999999999999857
14.0 4.618374130292175e-15 0.9999999999998437
14.01 4.568017027047217e-15 0.9999999999998435
14.02 4.5181937436895485e-15 0.9999999999998441
14.03 4.468898862928134e-15 0.9999999999998439
14.040000000000001 4.4201270185101345e-15 0.9999999999998437
14.05 4.371872894806393e-15 0.9999999999998443
14.06 4.3241312263999616e-15 0.9999999999998443
14.07 4.2768967976760895e-15 0.9999999999998448
14.08 4.2301644424147065e-15 0.9999999999998441
14.09 4.183929043385232e-15 0.9999999999998446
14.1 4.138185531943122e-15 0.9999999999998439
14.11 4.092928887629101e-15 0.9999999999998446
14.12 4.048154137770492e-15 0.9999999999998446
14.13 4.003856357084367e-15 0.9999999999998446
14.14 3.960030667283727e-15 0.9999999999998446
14.15 3.916672236685203e-15 0.999999999999845
14.16 3.873776279819321e-15 0.9999999999998446
14.17 3.831338057043231e-15 0.999999999999845
14.18 3.7893528741551436e-15 0.9999999999998446
14.19 3.747816082011803e-15 0.999999999999845
14.2 3.70672307614741e-15 0.9999999999998448
14.21 3.666069296395686e-15 0.9999999999998446
14.22 3.625850226513394e-15 0.9999999999998448
14.23 3.586061393806973e-15 0.999999999999845
14.24 3.546698368760805e-15 0.9999999999998455
14.25 3.5077567646680905e-15 0.9999999999998457
14.26 3.469232237264173e-15 0.9999999999998455
14.27 3.431120484361767e-15 0.999999999999846
14.28 3.39341724548896e-15 0.9999999999998458
14.290000000000001 3.3561183015290977e-15 0.9999999999998457
14.3 3.3192194743634887e-15 0.9999999999998462
14.31 3.282716626515718e-15 0.9999999999998458
14.32 3.246605660799046e-15 0.9999999999998465
14.33 3.2108825199656543e-15 0.9999999999998458
14.34 3.175543186358316e-15 0.9999999999998462
14.35 3.140583681564238e-15 0.9999999999998458
14.36 3.1060000660717243e-15 0.9999999999998462
14.37 3.0717884389284063e-15 0.9999999999998467
14.38 3.0379449374024894e-15 0.999999999999846
14.39 3.004465736645757e-15 0.9999999999998465
14.4 2.9713470493592333e-15 0.9999999999998469
14.41 2.9385851254609933e-15 0.9999999999998458
14.42 2.906176251756278e-15 0.9999999999998467
14.43 2.8741167516100675e-15 0.9999999999998458
14.44 2.8424029846215626e-15 0.9999999999998467
14.45 2.8110313463014438e-15 0.9999999999998462
14.46 2.7799982677510374e-15 0.9999999999998462
14.47 2.749300215343995e-15 0.9999999999998467
14.48 2.7189336904099717e-15 0.9999999999998467
14.49 2.6888952289209365e-15 0.9999999999998469
14.5 2.6591814011794316e-15 0.9999999999998471
14.51 2.6297888115093026e-15 0.9999999999998469
14.52 2.600714097948411e-15 0.9999999999998476
14.53 2.57195393194408e-15 0.9999999999998473
14.540000000000001 2.543505018050091e-15 0.9999999999998471
14.55 2.5153640936266014e-15 0.9999999999998476
14.56 2.4875279285417705e-15 0.9999999999998476
14.57 2.4599933248759163e-15 0.9999999999998478
14.58 2.4327571166277303e-15 0.9999999999998471
14.59 2.4058161694226962e-15 0.9999999999998478
14.6 2.3791673802238366e-15 0.9999999999998471
14.61 2.3528076770444877e-15 0.9999999999998473
14.62 2.3267340186633323e-15 0.9999999999998479
14.63 2.300943394341583e-15 0.9999999999998473
14.64 2.2754328235424022e-15 0.9999999999998478
14.65 2.2501993556523054e-15 0.9999999999998476
14.66 2.225240069704951e-15 0.9999999999998473
14.67 2.20055207410677e-15 0.9999999999998479
14.68 2.1761325063650517e-15 0.9999999999998473
14.69 2.151978532817897e-15 0.9999999999998478
14.7 2.128087348366396e-15 0.9999999999998476
14.71 2.104456176208867e-15 0.9999999999998473
14.72 2.0810822675772428e-15 0.9999999999998478
14.73 2.057962901475512e-15 0.9999999999998476
14.74 2.03509538442011e-15 0.9999999999998479
14.75 2.012477050182675e-15 0.9999999999998479
14.76 1.990105259534421e-15 0.9999999999998481
14.77 1.9679773999931e-15 0.9999999999998483
14.78 1.9460908855714373e-15 0.9999999999998483
14.790000000000001 1.9244431565280098e-15 0.9999999999998486
14.8 1.903031679119963e-15 0.9999999999998486
14.81 1.8818539453576846e-15 0.9999999999998486
14.82 1.8609074727615896e-15 0.9999999999998488
14.83 1.8401898041208607e-15 0.9999999999998483
14.84 1.819698507254051e-15 0.9999999999998488
14.85 1.7994311747718617e-15 0.9999999999998481
14.86 1.7793854238416378e-15 0.9999999999998486
14.87 1.7595588959539203e-15 0.9999999999998488
14.88 1.739949256691002e-15 0.9999999999998483
14.89 1.720554195497226e-15 0.9999999999998486
14.9 1.7013714254513714e-15 0.9999999999998488
14.91 1.682398683040788e-15 0.9999999999998483
14.92 1.6636337279374994e-15 0.9999999999998488
14.93 1.6450743427761847e-15 0.9999999999998479
14.94 1.626718332934001e-15 0.9999999999998488
14.95 1.6085635263122626e-15 0.9999999999998483
14.96 1.5906077731199656e-15 0.9999999999998483
14.97 1.5728489456591163e-15 0.9999999999998483
14.98 1.5552849381119963e-15 0.9999999999998325
14.99 1.537913666330089e-15 0.9999999999998338
15.0 1.5207330676248223e-15 0.9999999999998355
15.01 1.5037411005602645e-15 0.9999999999998361
15.02 1.486935744747352e-15 0.999999999999849
15.03 1.4703150006401276e-15 0.999999999999849
15.040000000000001 1.4538768893335297e-15 0.9999999999998488
15.05 1.4376194523630405e-15 0.9999999999998495
15.06 1.4215407515060052e-15 0.9999999999998492
15.07 1.4056388685847637e-15 0.9999999999998495
15.08 1.3899119052713551e-15 0.9999999999998492
15.09 1.3743579828940594e-15 0.9999999999998492
15.1 1.3589752422455335e-15 0.9999999999998488
15.11 1.3437618433926638e-15 0.9999999999998492
15.12 1.3287159654880183e-15 0.9999999999998495
15.13 1.3138358065831376e-15 0.999999999999849
15.14 1.2991195834431889e-15 0.9999999999998495
15.15 1.2845655313634598e-15 0.9999999999998499
15.16 1.2701719039874985e-15 0.9999999999998492
15.17 1.255936973126653e-15 0.9999999999998497
15.18 1.241859028581356e-15 0.9999999999998501
15.19 1.2279363779640516e-15 0.9999999999998501
15.2 1.2141673465235675e-15 0.9999999999998507
15.21 1.200550276971079e-15 0.9999999999998501
15.22 1.1870835293077242e-15 0.9999999999998505
15.23 1.173765480653629e-15 0.9999999999998507
15.24 1.1605945250785808e-15 0.9999999999998507
15.25 1.1475690734341125e-15 0.9999999999998501
15.26 1.1346875531872015e-15 0.9999999999998501
15.27 1.1219484082553954e-15 0.9999999999998499
15.28 1.1093500988434455e-15 0.9999999999998507
15.290000000000001 1.0968911012814686e-15 0.9999999999998501
15.3 1.0845699078644575e-15 0.9999999999998502
15.31 1.0723850266933749e-15 0.9999999999998505
15.32 1.0603349815176058e-15 0.9999999999998505
15.33 1.0484183115788945e-15 0.9999999999998505
15.34 1.0366335714566784e-15 0.9999999999998509
15.35 1.024979330914812e-15 0.9999999999998505
15.36 1.0134541747498039e-15 0.9999999999998501
15.37 1.0020567026402498e-15 0.9999999999998505
15.38 9.907855289978722e-16 0.9999999999998505
15.39 9.796392828197346e-16 0.9999999999998507
15.4 9.686166075419457e-16 0.9999999999998502
15.41 9.577161608946651e-16 0.9999999999998501
15.42 9.469366147584334e-16 0.9999999999998509
15.43 9.362766550218577e-16 0.9999999999998505
15.44 9.257349814406176e-16 0.9999999999998502
15.45 9.153103074977453e-16 0.9999999999998509
15.46 9.050013602652295e-16 0.9999999999998502
15.47 8.948068802669683e-16 0.9999999999998502
15.48 8.84725621342833e-16 0.9999999999998509
15.49 8.747563505141769e-16 0.9999999999998509
15.5 8.648978478505038e-16 0.9999999999998509
15.51 8.551489063374192e-16 0.9999999999998502
15.52 8.455083317457852e-16 0.9999999999998502
15.53 8.35974942502149e-16 0.9999999999998505
15.540000000000001 8.265475695603573e-16 0.9999999999998501
15.55 8.172250562744106e-16 0.9999999999998505
15.56 8.080062582724465e-16 0.9999999999998509
15.57 7.988900433319853e-16 0.9999999999998505
15.58 7.898752912563589e-16 0.9999999999998505
15.59 7.809608937522168e-16 0.9999999999998509
15.6 7.721457543083066e-16 0.9999999999998507
15.61 7.634287880753169e-16 0.9999999999998505
15.620000000000001 7.548089217469109e-16 0.9999999999998507
15.63 7.462850934418678e-16 0.9999999999998505
15.64 7.378562525873789e-16 0.9999999999998505
15.65 7.295213598033991e-16 0.9999999999998505
15.66 7.212793867881583e-16 0.9999999999998502
15.67 7.13129316204736e-16 0.9999999999998507
15.68 7.050701415687222e-16 0.9999999999998505
15.69 6.971008671369864e-16 0.9999999999998505
15.7 6.892205077974394e-16 0.9999999999998509
15.71 6.814280889599799e-16 0.9999999999998505
15.72 6.737226464483307e-16 0.9999999999998502
15.73 6.661032263930435e-16 0.9999999999998509
15.74 6.585688851254931e-16 0.9999999999998509
15.75 6.511186890728645e-16 0.9999999999998505
15.76 6.437517146541908e-16 0.9999999999998505
15.77 6.36467048177397e-16 0.9999999999998501
15.78 6.292637857373025e-16 0.9999999999998507
15.790000000000001 6.221410331146743e-16 0.9999999999998505
15.8 6.150979056761619e-16 0.9999999999998501
15.81 6.081335282753724e-16 0.9999999999998505
15.82 6.012470351546666e-16 0.9999999999998509
15.83 5.944375698481439e-16 0.9999999999998502
15.84 5.877042850854302e-16 0.9999999999998509
15.85 5.810463426964661e-16 0.9999999999998505
15.86 5.744629135171754e-16 0.9999999999998507
15.870000000000001 5.679531772961314e-16 0.9999999999998507
15.88 5.615163226020378e-16 0.9999999999998505
15.89 5.551515467322134e-16 0.9999999999998509
15.9 5.488580556218898e-16 0.9999999999998507
15.91 5.426350637544678e-16 0.9999999999998501
15.92 5.364817940726095e-16 0.9999999999998509
15.93 5.303974778902268e-16 0.9999999999998505
15.94 5.243813548053189e-16 0.9999999999998509
15.95 5.184326726137048e-16 0.9999999999998511
15.96 5.125506872235205e-16 0.9999999999998505
15.97 5.067346625707144e-16 0.9999999999998507
15.98 5.009838705351865e-16 0.9999999999998509
15.99 4.952975908579212e-16 0.9999999999998509
16.0 4.89675111058844e-16 0.9999999999998505
16.01 4.841157263555069e-16 0.9999999999998509
16.020000000000003 4.786187395826343e-16 0.9999999999998505
16.03 4.731834611123927e-16 0.9999999999998509
16.040000000000003 4.678092087754914e-16 0.9999999999998511
16.05 4.624953077830787e-16 0.9999999999998505
16.060000000000002 4.572410906493832e-16 0.9999999999998509
16.07 4.520458971151415e-16 0.9999999999998507
16.080000000000002 4.469090740718119e-16 0.9999999999998505
16.090000000000003 4.418299754864824e-16 0.9999999999998507
16.1 4.368079623276023e-16 0.9999999999998505
16.110000000000003 4.3184240249141586e-16 0.9999999999998502
16.12 4.2693267072911907e-16 0.9999999999998509
16.130000000000003 4.220781485747765e-16 0.9999999999998509
16.14 4.172782242739532e-16 0.9999999999998137
16.150000000000002 4.1253229271304343e-16 0.999999999999812
16.16 4.0783975534934896e-16 0.9999999999998102
16.17 4.032000201417884e-16 0.9999999999998505
16.180000000000003 3.986125014824e-16 0.9999999999998509
16.19 3.940766201284407e-16 0.9999999999998505
16.200000000000003 3.8959180313522364e-16 0.9999999999998509
16.21 3.8515748378962763e-16 0.9999999999998507
16.220000000000002 3.8077310154425656e-16 0.9999999999998505
16.23 3.7643810195227396e-16 0.9999999999998513
16.240000000000002 3.7215193660290135e-16 0.9999999999998507
16.250000000000004 3.67914063057568e-16 0.9999999999998505
16.26 3.637239447866944e-16 0.9999999999998509
16.270000000000003 3.5958105110711577e-16 0.9999999999998507
16.28 3.5548485712017784e-16 0.9999999999998507
16.290000000000003 3.514348436503978e-16 0.9999999999998511
16.3 3.474304971847851e-16 0.9999999999998505
16.310000000000002 3.4347130981279206e-16 0.9999999999998507
16.32 3.395567791668382e-16 0.9999999999998509
16.330000000000002 3.356864083634593e-16 0.9999999999998502
16.340000000000003 3.3185970594505767e-16 0.9999999999998507
16.35 3.280761858222409e-16 0.9999999999998509
16.360000000000003 3.243353672167401e-16 0.9999999999998502
16.37 3.2063677460492797e-16 0.9999999999998511
16.380000000000003 3.169799376618879e-16 0.9999999999998509
16.39 3.1336439120609385e-16 0.9999999999998505
16.400000000000002 3.0978967514461093e-16 0.9999999999998509
16.41 3.062553344188872e-16 0.9999999999998507
16.42 3.0276091895108414e-16 0.9999999999998509
16.430000000000003 2.9930598359096945e-16 0.9999999999998509
16.44 2.958900880633451e-16 0.9999999999998502
16.450000000000003 2.925127969159996e-16 0.9999999999998507
16.46 2.8917367946824854e-16 0.9999999999998509
16.470000000000002 2.8587230975992357e-16 0.9999999999998505
16.48 2.826082665009681e-16 0.9999999999998513
16.490000000000002 2.7938113302146976e-16 0.9999999999998507
16.500000000000004 2.7619049722228676e-16 0.9999999999998507
16.51 2.7303595152612615e-16 0.9999999999998513
16.520000000000003 2.6991709282913026e-16 0.9999999999998505
16.53 2.6683352245301495e-16 0.9999999999998507
16.540000000000003 2.6378484609761617e-16 0.9999999999998511
16.55 2.607706737940074e-16 0.9999999999998505
16.560000000000002 2.5779061985805412e-16 0.9999999999998507
16.57 2.548443028444509e-16 0.9999999999998509
16.580000000000002 2.519313455012598e-16 0.9999999999998507
16.590000000000003 2.4905137472489543e-16 0.9999999999998509
16.6 2.4620402151558654e-16 0.9999999999998509
16.610000000000003 2.433889209332784e-16 0.9999999999998507
16.62 2.4060571205403826e-16 0.9999999999998513
16.630000000000003 2.3785403792686346e-16 0.9999999999998507
16.64 2.351335455309609e-16 0.9999999999998507
16.650000000000002 2.3244388573347614e-16 0.9999999999998509
16.66 2.297847132476478e-16 0.9999999999998505
16.67 2.271556865913932e-16 0.9999999999998509
16.680000000000003 2.2455646804635386e-16 0.9999999999998511
16.69 2.2198672361732812e-16 0.9999999999998509
16.700000000000003 2.194461229921566e-16 0.9999999999998509
16.71 2.1693433950200881e-16 0.9999999999998507
16.720000000000002 2.1445105008209157e-16 0.9999999999998509
16.73 2.1199593523276594e-16 0.9999999999998513
16.740000000000002 2.0956867898106077e-16 0.9999999999998511
16.750000000000004 2.0716896884260792e-16 0.9999999999998507
16.76 2.047964957839562e-16 0.9999999999998513
16.770000000000003 2.024509541852863e-16 0.9999999999998509
16.78 2.0013204180351928e-16 0.9999999999998509
16.790000000000003 1.978394597358051e-16 0.9999999999998513
16.8 1.9557291238339342e-16 0.9999999999998505
16.810000000000002 1.933321074158946e-16 0.9999999999998507
16.82 1.911167557358981e-16 0.9999999999998507
16.830000000000002 1.8892657144396692e-16 0.9999999999998509
16.840000000000003 1.8676127180401513e-16 0.9999999999998509
16.85 1.846205772090254e-16 0.9999999999998509
16.860000000000003 1.8250421114713403e-16 0.9999999999998509
16.87 1.8041190016809061e-16 0.9999999999998511
16.880000000000003 1.7834337385004264e-16 0.9999999999998509
16.89 1.762983647666849e-16 0.9999999999998509
16.900000000000002 1.742766084547535e-16 0.9999999999998511
16.91 1.7227784338185957e-16 0.9999999999998509
16.92 1.7030181091466183e-16 0.9999999999998509
16.930000000000003 1.6834825528737927e-16 0.9999999999998511
16.94 1.6641692357062751e-16 0.9999999999998507
16.950000000000003 1.6450756564058992e-16 0.9999999999998509
16.96 1.6261993414851587e-16 0.9999999999998513
16.970000000000002 1.6075378449053293e-16 0.9999999999998509
16.98 1.5890887477778105e-16 0.9999999999998509
16.990000000000002 1.5708496580688117e-16 0.9999999999998509
17.000000000000004 1.5528182103067352e-16 0.9999999999998509
17.01 1.5349920652931412e-16 0.9999999999998513
17.020000000000003 1.5173689098164275e-16 0.9999999999998509
17.03 1.4999464563686506e-16 0.9999999999998511
17.040000000000003 1.4827224428654486e-16 0.9999999999998513
17.05 1.4656946323687094e-16 0.9999999999998509
17.060000000000002 1.448860812812416e-16 0.9999999999998511
17.07 1.432218796731291e-16 0.9999999999998509
17.080000000000002 1.4157664209922229e-16 0.9999999999998507
17.090000000000003 1.3995015465287584e-16 0.9999999999998511
17.1 1.3834220580782285e-16 0.9999999999998509
17.110000000000003 1.3675258639218257e-16 0.9999999999998509
17.12 1.3518108956272388e-16 0.9999999999998513
17.130000000000003 1.3362751077942814e-16 0.9999999999998509
17.14 1.3209164778029886e-16 0.9999999999998511
17.150000000000002 1.305733005564561e-16 0.9999999999998511
17.160000000000004 1.2907227132748762e-16 0.9999999999998513
17.17 1.2758836451706933e-16 0.9999999999998513
17.180000000000003 1.2612138672883577e-16 0.9999999999998511
17.19 1.24671146722516e-16 0.9999999999998513
17.200000000000003 1.2323745539032773e-16 0.9999999999998513
17.21 1.2182012573360416e-16 0.9999999999998513
17.220000000000002 1.204189728396961e-16 0.9999999999998513
17.23 1.1903381385910697e-16 0.9999999999998513
17.240000000000002 1.1766446798286707e-16 0.9999999999998513
17.250000000000004 1.1631075642016102e-16 0.9999999999998511
17.26 1.149725023761917e-16 0.9999999999998516
17.270000000000003 1.1364953103027127e-16 0.9999999999998513
17.28 1.1234166951416782e-16 0.9999999999998513
17.290000000000003 1.1104874689065426e-16 0.9999999999998516
17.3 1.0977059413232301e-16 0.9999999999998509
17.310000000000002 1.085070441005857e-16 0.9999999999998511
17.32 1.072579315249404e-16 0.9999999999998509
17.330000000000002 1.0602309298243064e-16 0.9999999999998511
17.340000000000003 1.048023668773392e-16 0.9999999999998513
17.35 1.0359559342109002e-16 0.9999999999998513
17.360000000000003 1.0240261461238455e-16 0.9999999999998509
17.37 1.0122327421752878e-16 0.9999999999998513
17.380000000000003 1.0005741775098119e-16 0.9999999999998509
17.39 9.89048924561205e-17 0.9999999999998513
17.400000000000002 9.776554728619684e-17 0.9999999999998513
17.410000000000004 9.66392328855139e-17 0.9999999999998511
17.42 9.552580157079286e-17 0.9999999999998513
17.430000000000003 9.442510731274844e-17 0.999999999999929
17.44 9.333700571785925e-17 0.9999999999998513
17.450000000000003 9.226135401033211e-17 0.9999999999998513
17.46 9.119801101427334e-17 0.9999999999998518
17.470000000000002 9.01468371360309e-17 0.9999999999998509
17.48 8.910769434674693e-17 0.9999999999998516
17.490000000000002 8.808044616508872e-17 0.9999999999998516
17.500000000000004 8.706495764016785e-17 0.9999999999998513
17.51 8.606109533464153e-17 0.999999999999852
17.520000000000003 8.506872730800312e-17 0.9999999999998516
17.53 8.408772310004522e-17 0.9999999999998513
17.540000000000003 8.311795371450446e-17 0.9999999999998518
17.55 8.215929160289117e-17 0.9999999999998513
17.560000000000002 8.121161064847657e-17 0.9999999999998516
17.57 8.027478615046874e-17 0.9999999999998511
17.580000000000002 7.934869480835298e-17 0.9999999999998509
17.590000000000003 7.843321470640446e-17 0.9999999999998513
17.6 7.752822529836537e-17 0.9999999999998513
17.610000000000003 7.663360739229127e-17 0.9999999999998513
17.62 7.574924313555899e-17 0.9999999999998513
17.630000000000003 7.487501600003824e-17 0.9999999999998511
17.64 7.401081076742846e-17 0.9999999999998516
17.650000000000002 7.315651351474234e-17 0.9999999999998513
17.660000000000004 7.231201159996338e-17 0.9999999999998513
17.67 7.147719364784591e-17 0.9999999999998516
17.680000000000003 7.065194953587412e-17 0.9999999999998518
17.69 6.983617038037617e-17 0.9999999999998516
17.700000000000003 6.902974852278521e-17 0.9999999999998516
17.71 6.823257751605245e-17 0.9999999999998513
17.720000000000002 6.744455211120203e-17 0.9999999999998513
17.73 6.666556824404404e-17 0.9999999999998516
17.740000000000002 6.589552302202064e-17 0.9999999999998518
17.750000000000004 6.513431471119812e-17 0.9999999999998513
17.76 6.438184272340611e-17 0.9999999999998518
17.770000000000003 6.363800760350977e-17 0.9999999999998513
17.78 6.290271101682506e-17 0.9999999999998513
17.790000000000003 6.217585573666671e-17 0.9999999999998516
17.8 6.14573456320421e-17 0.9999999999998513
17.810000000000002 6.074708565546303e-17 0.9999999999998513
17.82 6.00449818309049e-17 0.9999999999998509
17.830000000000002 5.935094124189169e-17 0.9999999999998513
17.840000000000003 5.866487201970916e-17 0.9999999999998518
17.85 5.79866833317497e-17 0.9999999999998513
17.860000000000003 5.731628536998411e-17 0.9999999999998509
17.87 5.665358933955828e-17 0.9999999999998513
17.880000000000003 5.599850744751194e-17 0.9999999999998513
17.89 5.5350952891630634e-17 0.9999999999998513
17.900000000000002 5.471083984940225e-17 0.9999999999998511
17.910000000000004 5.4078083467114586e-17 0.9999999999998509
17.92 5.345259984905706e-17 0.9999999999998513
17.930000000000003 5.283430604684442e-17 0.9999999999998513
17.94 5.2223120048863585e-17 0.9999999999998513
17.950000000000003 5.1618960769825553e-17 0.9999999999998516
17.96 5.102174804043934e-17 0.9999999999998513
17.970000000000002 5.043140259719899e-17 0.9999999999998513
17.98 4.984784607227677e-17 0.9999999999998518
17.990000000000002 4.9271000983533524e-17 0.9999999999998518
18.000000000000004 4.870079072463315e-17 0.9999999999998513
18.01 4.813713955527025e-17 0.9999999999998518
18.020000000000003 4.7579972591502016e-17 0.9999999999998518
18.03 4.702921579618633e-17 0.9999999999998513
18.040000000000003 4.648479596952608e-17 0.9999999999998518
18.05 4.5946640739716856e-17 0.9999999999998511
18.060000000000002 4.5414678553696866e-17 0.9999999999998513
18.07 4.4888838667997465e-17 0.9999999999998513
18.080000000000002 4.436905113969652e-17 0.9999999999998513
18.090000000000003 4.385524681747277e-17 0.9999999999998513
18.1 4.334735733275061e-17 0.9999999999998513
18.110000000000003 4.2845315090950123e-17 0.9999999999998511
18.12 4.234905326283259e-17 0.9999999999998513
18.130000000000003 4.185850577593521e-17 0.9999999999998509
18.14 4.137360730610815e-17 0.9999999999998516
18.150000000000002 4.089429326913808e-17 0.9999999999998511
18.160000000000004 4.042049981246855e-17 0.9999999999998509
18.17 3.995216380700647e-17 0.9999999999998511
18.180000000000003 3.9489222839027395e-17 0.9999999999998511
18.19 3.903161520215892e-17 0.9999999999998516
18.200000000000003 3.8579279889461873e-17 0.9999999999998513
18.21 3.8132156585592507e-17 0.9999999999998518
18.220000000000002 3.7690185659056444e-17 0.9999999999998518
18.23 3.725330815454282e-17 0.9999999999998518
18.240000000000002 3.6821465785345274e-17 0.9999999999998516
18.250000000000004 3.6394600925869684e-17 0.9999999999998513
18.26 3.5972656604217933e-17 0.9999999999998516
18.270000000000003 3.555557649486042e-17 0.9999999999998518
18.28 3.5143304911382484e-17 0.9999999999998516
18.290000000000003 3.4735786799318915e-17 0.9999999999998511
18.3 3.433296772906098e-17 0.9999999999998511
18.310000000000002 3.393479388884463e-17 0.9999999999998516
18.32 3.3541212077816474e-17 0.9999999999998511
18.330000000000002 3.315216969917422e-17 0.9999999999998516
18.340000000000003 3.276761475338793e-17 0.9999999999998516
18.35 3.2387495831488744e-17 0.9999999999998511
18.360000000000003 3.201176210843938e-17 0.9999999999998509
18.37 3.164036333657181e-17 0.9999999999998511
18.380000000000003 3.1273249839102464e-17 0.9999999999998511
18.39 3.091037250371632e-17 0.9999999999998511
18.400000000000002 3.055168277622284e-17 0.9999999999998513
18.410000000000004 3.0197132654282145e-17 0.9999999999998511
18.42 2.984667468120089e-17 0.9999999999998518
18.430000000000003 2.950026193979649e-17 0.9999999999998513
18.44 2.915784804632945e-17 0.9999999999998518
18.450000000000003 2.881938714450382e-17 0.9999999999998509
18.46 2.848483389953232e-17 0.999999999999852
18.470000000000002 2.8154143492269527e-17 0.9999999999998513
18.48 2.782727161340744e-17 0.9999999999998513
18.490000000000002 2.7504174457739562e-17 0.9999999999998518
18.500000000000004 2.7184808718483046e-17 0.9999999999998516
18.51 2.6869131581669963e-17 0.9999999999998518
18.520000000000003 2.655710072059454e-17 0.9999999999998516
18.53 2.6248674290328147e-17 0.9999999999998516
18.540000000000003 2.5943810922291172e-17 0.9999999999998518
18.55 2.564246971888616e-17 0.9999999999998509
18.560000000000002 2.5344610248191157e-17 0.9999999999998516
18.57 2.5050192538712126e-17 0.9999999999998511
18.580000000000002 2.4759177074192812e-17 0.9999999999998513
18.590000000000003 2.44715247884818e-17 0.9999999999998513
18.6 2.4187197060460315e-17 0.9999999999998511
18.610000000000003 2.3906155709021038e-17 0.9999999999998507
18.62 2.3628362988107414e-17 0.9999999999998511
18.630000000000003 2.335378158180445e-17 0.9999999999998509
18.64 2.3082374599487946e-17 0.9999999999998511
18.650000000000002 2.281410557102457e-17 0.9999999999998513
18.660000000000004 2.2548938442026673e-17 0.9999999999998511
18.67 2.2286837569160172e-17 0.9999999999998518
18.680000000000003 2.202776771550466e-17 0.9999999999998516
18.69 2.177169404596398e-17 0.9999999999998467
18.700000000000003 2.1518582122729484e-17 0.9999999999998458
18.71 2.126839790079378e-17 0.9999999999998465
18.720000000000002 2.102110772351241e-17 0.9999999999998462
18.73 2.0776678318219186e-17 0.9999999999998458
18.740000000000002 2.0535076791884727e-17 0.9999999999998458
18.750000000000004 2.0296270626829225e-17 0.9999999999998455
18.76 2.0060227676479036e-17 0.9999999999998455
18.770000000000003 1.9826916161172124e-17 0.999999999999845
18.78 1.9596304664009658e-17 0.9999999999998448
18.790000000000003 1.936836212675534e-17 0.9999999999998441
18.8 1.914305784577998e-17 0.9999999999998433
18.810000000000002 1.892036146804922e-17 0.9999999999998437
18.82 1.8700242987159068e-17 0.9999999999998431
18.830000000000002 1.8482672739414462e-17 0.9999999999998433
18.840000000000003 1.8267621399951133e-17 0.9999999999998429
18.85 1.805505997890187e-17 0.9999999999998425
18.860000000000003 1.7844959817605065e-17 0.9999999999998418
18.87 1.7637292584855308e-17 0.999999999999842
18.880000000000003 1.7432030273196973e-17 0.9999999999998321
18.89 1.722914519525808e-17 0.9999999999998412
18.900000000000002 1.7028609980125395e-17 0.9999999999998412
18.910000000000004 1.6830397569761185e-17 0.9999999999998511
18.92 1.6634481215459164e-17 0.999999999999852
18.930000000000003 1.64408344743396e-17 0.9999999999998513
18.94 1.6249431205885117e-17 0.9999999999998516
18.950000000000003 1.606024556851314e-17 0.9999999999998509
18.96 1.5873252016189227e-17 0.9999999999998518
18.970000000000002 1.568842529507731e-17 0.9999999999998518
18.98 1.5505740440226036e-17 0.9999999999998513
18.990000000000002 1.5325172772294414e-17 0.9999999999998518
19.000000000000004 1.5146697894312977e-17 0.9999999999998518
19.01 1.497029168848206e-17 0.999999999999852
19.020000000000003 1.4795930313003784e-17 0.9999999999998518
19.03 1.462359019895359e-17 0.9999999999998513
19.040000000000003 1.4453248047182496e-17 0.9999999999998516
19.05 1.4284880825256455e-17 0.9999999999998505
19.060000000000002 1.4118465764430494e-17 0.9999999999998513
19.07 1.3953980356655733e-17 0.9999999999998513
19.080000000000002 1.3791402351619034e-17 0.9999999999998518
19.090000000000003 1.3630709753818764e-17 0.9999999999998513
19.1 1.3471880819670403e-17 0.9999999999998511
19.110000000000003 1.3314894054646972e-17 0.9999999999998509
19.12 1.3159728210449608e-17 0.9999999999998513
19.130000000000003 1.3006362282211566e-17 0.9999999999998511
19.14 1.2854775505732468e-17 0.9999999999998509
19.150000000000002 1.270494735474427e-17 0.9999999999998516
19.160000000000004 1.255685753820802e-17 0.9999999999998511
19.17 1.2410485997640122e-17 0.9999999999998516
19.180000000000003 1.226581290446997e-17 0.9999999999998513
19.19 1.2122818657426213e-17 0.9999999999998513
19.200000000000003 1.1981483879952549e-17 0.9999999999998513
19.21 1.1841789417653712e-17 0.9999999999998518
19.220000000000002 1.1703716335768084e-17 0.9999999999998513
19.23 1.1567245916671002e-17 0.9999999999998513
19.240000000000002 1.1432359657404878e-17 0.9999999999998518
19.250000000000004 1.1299039267236866e-17 0.9999999999998513
19.26 1.1167266665244997e-17 0.999999999999852
19.270000000000003 1.1037023977930955e-17 0.9999999999998518
19.28 1.0908293536859589e-17 0.9999999999998518
19.290000000000003 1.0781057876325129e-17 0.9999999999998513
19.3 1.0655299731044263e-17 0.9999999999998509
19.310000000000002 1.053100203387409e-17 0.9999999999998516
19.32 1.040814791355682e-17 0.9999999999998513
19.330000000000002 1.0286720692489217e-17 0.9999999999998516
19.340000000000003 1.01667038845171e-17 0.9999999999998513
19.35 1.0048081192755914e-17 0.9999999999998509
19.360000000000003 9.930836507434178e-18 0.9999999999998513
19.37 9.814953903762495e-18 0.9999999999998513
19.380000000000003 9.700417639825635e-18 0.9999999999998511
19.39 9.587212154499453e-18 0.9999999999998511
19.400000000000002 9.475322065390509e-18 0.9999999999998513
19.410000000000004 9.364732166799004e-18 0.9999999999998511
19.42 9.255427427705251e-18 0.9999999999998518
19.430000000000003 9.147392989778114e-18 0.9999999999998513
19.44 9.040614165406449e-18 0.9999999999998516
19.450000000000003 8.935076435753041e-18 0.9999999999998509
19.46 8.830765448828983e-18 0.9999999999998516
19.470000000000002 8.727667017592095e-18 0.9999999999998516
19.48 8.625767118065206e-18 0.9999999999998513
19.490000000000002 8.525051887475564e-18 0.9999999999998518
19.500000000000004 8.425507622416722e-18 0.9999999999998516
19.51 8.327120777029712e-18 0.999999999999852
19.520000000000003 8.229877961205383e-18 0.9999999999998518
19.53 8.133765938807222e-18 0.9999999999998513
19.540000000000003 8.038771625913872e-18 0.9999999999998516
19.55 7.944882089082e-18 0.9999999999998507
19.560000000000002 7.852084543627884e-18 0.9999999999998513
19.57 7.760366351929804e-18 0.9999999999998511
19.580000000000002 7.669715021748321e-18 0.9999999999998513
19.590000000000003 7.580118204566326e-18 0.9999999999998516
19.6 7.491563693947977e-18 0.9999999999998509
19.610000000000003 7.404039423915187e-18 0.9999999999998509
19.62 7.317533467343776e-18 0.9999999999998513
19.630000000000003 7.232034034376799e-18 0.9999999999998509
19.64 7.147529470856676e-18 0.9999999999998511
19.650000000000002 7.064008256773951e-18 0.9999999999998513
19.660000000000004 6.981459004735108e-18 0.9999999999998511
19.67 6.899870458445969e-18 0.9999999999998518
19.680000000000003 6.819231491214046e-18 0.9999999999998513
19.69 6.739531104466568e-18 0.9999999999998513
19.700000000000003 6.660758426285605e-18 0.9999999999998511
19.71 6.582902709960465e-18 0.9999999999998516
19.720000000000002 6.5059533325553445e-18 0.9999999999998513
19.73 6.429899793494387e-18 0.9999999999998516
19.740000000000002 6.354731713161625e-18 0.9999999999998518
19.750000000000004 6.280438831518094e-18 0.9999999999998518
19.76 6.207011006733113e-18 0.999999999999852
19.770000000000003 6.1344382138324374e-18 0.999999999999852
19.78 6.062710543361058e-18 0.9999999999998513
19.790000000000003 5.991818200061374e-18 0.9999999999998511
19.8 5.921751501566086e-18 0.9999999999998509
19.810000000000002 5.852500877106063e-18 0.9999999999998518
19.82 5.7840568662333795e-18 0.9999999999998511
19.830000000000002 5.716410117557802e-18 0.9999999999998518
19.840000000000003 5.649551387498594e-18 0.9999999999998513
19.85 5.583471539050185e-18 0.9999999999998511
19.860000000000003 5.518161540561131e-18 0.9999999999998509
19.87 5.453612464528266e-18 0.9999999999998513
19.880000000000003 5.389815486403487e-18 0.9999999999998509
19.89 5.326761883414668e-18 0.9999999999998511
19.900000000000002 5.2644430333993924e-18 0.9999999999998513
19.910000000000004 5.202850413652693e-18 0.9999999999998511
19.92 5.1419755997872835e-18 0.9999999999998518
19.930000000000003 5.081810264606803e-18 0.9999999999998513
19.94 5.022346176992344e-18 0.9999999999998516
19.950000000000003 4.9635752008008035e-18 0.9999999999998511
19.96 4.905489293776854e-18 0.9999999999998518
19.970000000000002 4.848080506476212e-18 0.9999999999998516
19.98 4.791340981201507e-18 0.9999999999998513
19.990000000000002 4.735262950950871e-18 0.9999999999998518
20.000000000000004 4.679838738377513e-18 0.9999999999998516
