D prob percentile
0.01 0.0 0.0
0.02 0.0 0.0
0.03 0.0 0.0
0.04 0.0 0.0
0.05 0.0 0.0
0.060000000000000005 0.0 0.0
0.06999999999999999 0.0 0.0
0.08 0.0 0.0
0.09 0.0 0.0
0.09999999999999999 0.0 0.0
0.11 0.0 0.0
0.12 0.0 0.0
0.13 0.0 0.0
0.14 0.0 0.0
0.15000000000000002 0.0 0.0
0.16 0.0 0.0
0.17 0.0 0.0
0.18000000000000002 0.0 0.0
0.19 0.0 0.0
0.2 0.0 0.0
0.21000000000000002 0.0 0.0
0.22 0.0 0.0
0.23 0.0 0.0
0.24000000000000002 0.0 0.0
0.25 0.0 0.0
0.26 0.0 0.0
0.27 0.0 0.0
0.28 0.0 0.0
0.29000000000000004 0.0 0.0
0.3 0.0 0.0
0.31 0.0 0.0
0.32 0.0 0.0
0.33 0.0 0.0
0.34 0.0 0.0
0.35000000000000003 0.0 0.0
0.36000000000000004 0.0 0.0
0.37 0.0 0.0
0.38 0.0 0.0
0.39 0.0 0.0
0.4 0.0 0.0
0.41000000000000003 0.0 0.0
0.42000000000000004 0.0 0.0
0.43 0.0 0.0
0.44 0.0 0.0
0.45 0.0 0.0
0.46 0.0 0.0
0.47000000000000003 0.0 0.0
0.48000000000000004 0.0 0.0
0.49 0.0 0.0
0.5 0.0 0.0
0.51 0.0 0.0
0.52 0.0 0.0
0.53 0.0 0.0
0.54 0.0 0.0
0.55 0.0 0.0
0.56 0.0 0.0
0.5700000000000001 0.0 0.0
0.5800000000000001 0.0 0.0
0.59 0.0 0.0
0.6 0.0 0.0
0.61 0.0 0.0
0.62 0.0 0.0
0.63 0.0 0.0
0.64 0.0 0.0
0.65 0.0 0.0
0.66 0.0 0.0
0.67 9.3808582013e-314 2.2836e-319
0.68 8.904561473844785e-302 2.357865334344044e-307
0.6900000000000001 2.2779929525438063e-290 6.539434968631233e-296
0.7000000000000001 1.6977020885948397e-279 5.267068183453342e-285
0.7100000000000001 3.961987733164316e-269 1.3245111701280373e-274
0.72 3.0964115494061506e-259 1.112305128250586e-264
0.73 8.626053633285533e-250 3.320899303857705e-255
0.74 9.078564871115066e-241 3.7364425389242733e-246
0.75 3.810644351239809e-232 1.672693444916153e-237
0.76 6.709631157571435e-224 3.1342188355054168e-229
0.77 5.195217230250271e-216 2.577131271505051e-221
0.78 1.848655066059517e-208 9.7192104873262e-214
0.79 3.1503386029407404e-201 1.7521157854993796e-206
0.8 2.672168626557358e-194 1.5694004034881987e-199
0.81 1.1696931048168745e-187 7.242416204929441e-193
0.8200000000000001 2.7333566945521584e-181 1.7814277505790704e-186
0.8300000000000001 3.519998805291918e-175 2.4111983449845844e-180
0.8400000000000001 2.573787094127865e-169 1.8504500516191877e-174
0.85 1.0989189692012848e-163 8.281642812085407e-169
0.86 2.8130222913777935e-158 2.2194028755546875e-163
0.87 4.4255785131261657e-153 3.651270460595672e-158
0.88 4.380276327853661e-148 3.774996606945293e-153
0.89 2.788214625116872e-143 2.5075080033443428e-148
0.9 1.1653489258981045e-138 1.0926010101163025e-143
0.91 3.2613137038977045e-134 3.184954263419391e-139
0.92 6.22531659951518e-130 6.327299048240067e-135
0.93 8.247893534409288e-126 8.71790255621757e-131
0.9400000000000001 7.71084151173205e-122 8.469772162386627e-127
0.9500000000000001 5.1666937895054885e-118 5.8937882941809326e-123
0.9600000000000001 2.5181782355612856e-114 2.9813412732156827e-119
0.97 9.052990396574583e-111 1.1117617678614988e-115
0.98 2.4326428702882873e-107 3.0971467472127653e-112
0.99 4.947591105744024e-104 6.52720686283005e-109
1.0 7.707345424579907e-101 1.0531515911038638e-105
1.01 9.300642387593088e-98 1.3157356815538628e-102
1.02 8.787608275250172e-95 1.2865507097442578e-99
1.03 6.567444230093012e-92 9.947103798231092e-97
1.04 3.9200176701974384e-89 6.140269948473414e-94
1.05 1.8859755014459904e-86 3.0542209358958645e-91
1.06 7.37794535959363e-84 1.2349240876039352e-88
1.07 2.366447561549247e-81 4.092855158991832e-86
1.08 6.27274016140268e-79 1.1207367387302275e-83
1.09 1.3844891785184324e-76 2.5547709052238506e-81
1.1 2.5627824252606226e-74 4.883102391345791e-79
1.11 4.0058583822425095e-72 7.879753548469387e-77
1.12 5.32199754068886e-70 1.0805401129531364e-74
1.1300000000000001 6.0471646825938e-68 1.2670326646731344e-72
1.1400000000000001 5.911614933715355e-66 1.2780162539127482e-70
1.1500000000000001 5.0003432897605674e-64 1.1151981494113166e-68
1.1600000000000001 3.6794605079728576e-62 8.464259491892642e-67
1.17 2.367584125548031e-60 5.616890251331307e-65
1.18 1.3387837709815133e-58 3.275079556974074e-63
1.19 6.684234042366331e-57 1.6858578642331987e-61
1.2 2.960001849419837e-55 7.695869702992931e-60
1.21 1.167641268426138e-53 3.129041986508611e-58
1.22 4.120039270813066e-52 1.1378380530151542e-56
1.23 1.305534908160887e-50 3.7152374695763055e-55
1.24 3.729226817275753e-49 1.093398638751309e-53
1.25 9.637648014794679e-48 2.910956927218174e-52
1.26 2.26130038944084e-46 7.035126773580904e-51
1.27 4.833155614472877e-45 1.5485952481098746e-49
1.28 9.440161989597895e-44 3.114763684822694e-48
1.29 1.6902010781806387e-42 5.74206459439383e-47
1.3 2.7821956218976845e-41 9.73077473496566e-46
1.31 4.2223667690381066e-40 1.5201703701149647e-44
1.32 5.92410638825038e-39 2.1952434913945288e-43
1.33 7.704087115667331e-38 2.938001896389835e-42
1.34 9.309775422971272e-37 3.6533321457650993e-41
1.35 1.0479066638204289e-35 4.2309725689610746e-40
1.36 1.1012260154406612e-34 4.5741552299581785e-39
1.37 1.0828470124667768e-33 4.6266661234109916e-38
1.3800000000000001 9.984442335620273e-33 4.387750601398985e-37
1.3900000000000001 8.650486113057523e-32 3.909550438061136e-36
1.4000000000000001 7.05630461055686e-31 3.279318852047994e-35
1.4100000000000001 5.4295275237304475e-30 2.5944240000851103e-34
1.42 3.9481311941936616e-29 1.9395296106619653e-33
1.43 2.717898800828643e-28 1.3725183841008384e-32
1.44 1.774296649221956e-27 9.209713206491829e-32
1.45 1.1002273495264529e-26 5.869391286156904e-31
1.46 6.490647053745247e-26 3.5583280760411796e-30
1.47 3.648414654408562e-25 2.0552612233699965e-29
1.48 1.956899616400374e-24 1.1326470009236265e-28
1.49 1.0029881651803412e-23 5.964091102721533e-28
1.5 4.9190234189201815e-23 3.00476080530359e-27
1.51 2.3114781073166377e-22 1.450321812180538e-26
1.52 1.0420304642326955e-21 6.715224146496718e-26
1.53 4.512149295479639e-21 2.9862893807162858e-25
1.54 1.87894093328202e-20 1.2770080073189767e-24
1.55 7.532964161889579e-20 5.257061936261194e-24
1.56 2.910859559947445e-19 2.08574246355737e-23
1.57 1.0852812912532975e-18 7.983814230219769e-23
1.58 3.908197818862083e-18 2.9514855126628786e-22
1.59 1.3606809045704093e-17 1.054835280445446e-21
1.6 4.5845790180133105e-17 3.648053301627272e-21
1.61 1.4962701964184982e-16 1.2220109429895286e-20
1.62 4.734548480022281e-16 3.9684222378103194e-20
1.6300000000000001 1.4537268485848674e-15 1.2504551231404176e-19
1.6400000000000001 4.334990022610708e-15 3.8264145344498536e-19
1.6500000000000001 1.2564577274791682e-14 1.1380042978943994e-18
1.6600000000000001 3.5424533173310034e-14 3.2920514199014817e-18
1.6700000000000002 9.722721053234095e-14 9.270260895557526e-18
1.68 2.59967645412701e-13 2.542969440178879e-17
1.69 6.77655067414598e-13 6.800254064633841e-17
1.7 1.7232817318477948e-12 1.77396513541839e-16
1.71 4.278119316467635e-12 4.517442289368645e-16
1.72 1.0374811010316616e-11 1.1236996583036e-15
1.73 2.4592974863999065e-11 2.7320691948978965e-15
1.74 5.7017727373207995e-11 6.496540826188492e-15
1.75 1.293698051726237e-10 1.5117456347626717e-14
1.76 2.874275961436067e-10 3.444534213150544e-14
1.77 6.256583557299872e-10 7.689162852643508e-14
1.78 1.3350350820987365e-09 1.6825136804558225e-13
1.79 2.7939656971413365e-09 3.6107404528382616e-13
1.8 5.7377538693182125e-09 7.603479259484699e-13
1.81 1.156826192717368e-08 1.5718843822585427e-12
1.82 2.2909003859622075e-08 3.191745993348946e-12
1.83 4.4581696195114063e-08 6.368493971498244e-12
1.84 8.529306622401616e-08 1.2492263483297257e-11
1.85 1.6049679369873852e-07 2.4100777346359505e-11
1.86 2.9716502423467806e-07 4.574993706113424e-11
1.87 5.416086348556268e-07 8.548662179591944e-11
1.8800000000000001 9.720815789841774e-07 1.5729956303440275e-10
1.8900000000000001 1.7187661449301393e-06 2.8513274436543765e-10
1.9000000000000001 2.994957625703484e-06 5.093550002447236e-10
1.9100000000000001 5.14496697230941e-06 8.970300155600103e-10
1.9200000000000002 8.716581768210787e-06 1.5579761571905947e-09
1.93 1.4569037472761372e-05 2.6695140822996272e-09
1.94 2.403154269571062e-05 4.514057951542559e-09
1.95 3.913268083092662e-05 7.535418818713968e-09
1.96 6.292768825117333e-05 1.242198238423676e-08
1.97 9.995888999750887e-05 2.0227944218972393e-08
1.98 0.0001568946317786053 3.254769881458894e-08
1.99 0.00024340400166863232 5.176346396928623e-08
2.0 0.00037333852076075475 8.139246641681644e-08
2.01 0.0005663077151749656 1.2656770348018113e-07
2.02 0.0008497528243166923 1.9469559867066034e-07
2.03 0.001261641426121347 2.963449243540266e-07
2.04 0.001853924825243407 4.4643425759785125e-07
2.05 0.00269691877116295 6.65799977691844e-07
2.0599999999999996 0.0038847853172307607 9.832433188340045e-07
2.07 0.005542308023360333 1.43817305006261e-06
2.0799999999999996 0.007833162652396494 2.0839796127444132e-06
2.09 0.01096988925247892 2.992296486014912e-06
2.0999999999999996 0.015225767196674277 4.2583244777146494e-06
2.11 0.02094878050441849 6.007413675622361e-06
2.1199999999999997 0.0285778348439722 8.40311488729606e-06
2.13 0.03866134849672987 1.1656926331178134e-05
2.1399999999999997 0.05187828611468946 1.6039970774809663e-05
2.15 0.06906163569849692 2.1896841811482587e-05
2.1599999999999997 0.09122424588635056 2.966185406823578e-05
2.17 0.11958684314998899 3.987791941699643e-05
2.1799999999999997 0.15560793845523652 5.3218248411494856e-05
2.19 0.20101521285276422 7.051104208610845e-05
2.1999999999999997 0.2578378446865824 9.276729310650902e-05
2.21 0.32843911183176955 0.00012121175660222334
2.2199999999999998 0.41554847549968316 0.00015731707982790785
2.23 0.5222922331326573 0.00020284099658973985
2.2399999999999998 0.6522217225492821 0.0002598663981819368
2.25 0.8093379736935268 0.0003308439890246936
2.26 0.9981116438061187 0.00041863712446525307
2.27 1.2234970418316018 0.0005265683130227874
2.28 1.4909390529020465 0.0006584667489266
2.29 1.8063718172826122 0.0008187161267095221
2.3 2.176208102448759 0.0010123018817464505
2.31 2.607318432772739 0.0012448569029935386
2.32 3.106999207833679 0.0015227046808057735
2.3299999999999996 3.6829292452103988 0.0018528987874569882
2.34 4.343114422727959 0.0022432575444014152
2.3499999999999996 5.095820362947466 0.002702392711485226
2.36 5.949493392290643 0.003239731041706458
2.3699999999999997 6.91267031052277 0.0038655275824714254
2.38 7.993877814486819 0.004590869671519123
2.3899999999999997 9.20152272357029 0.005427670672797143
2.4 10.543774443824967 0.0063886526236006025
2.4099999999999997 12.028441373567235 0.007487317117693704
2.42 13.66284318685977 0.00873790392636396
2.4299999999999997 15.453681124584367 0.010155337058330837
2.44 17.40690856914389 0.011755158174116457
2.4499999999999997 19.527604272880733 0.013553447497511526
2.46 21.819850648421667 0.015566732600005243
2.4699999999999998 24.286619509419175 0.01781188566825
2.48 26.929667572469935 0.020306010094073484
2.4899999999999998 29.749443896981422 0.023066317445657392
2.5 32.74501125282385 0.02610999608193582
2.51 35.91398317062163 0.029454072855094913
2.52 39.252478152803285 0.033115269503898356
2.53 42.755092212389194 0.037109855469691866
2.54 46.41489056921125 0.04145349896440971
2.55 50.22341897857277 0.04616111818358129
2.56 54.17073480436909 0.05124673458597394
2.57 58.24545758635919 0.05672333015471913
2.5799999999999996 62.43483849840436 0.06260271051308768
2.59 66.72484775917906 0.06889537569276626
2.5999999999999996 71.10027874656824 0.07561040024569042
2.61 75.54486728815161 0.08275532425493629
2.6199999999999997 80.04142435818602 0.09033605663916928
2.63 84.57198021059398 0.0983567919625999
2.6399999999999997 89.11793782054175 0.10681994176231539
2.65 93.660233396041 0.11572608119178625
2.6599999999999997 98.17950165607553 0.12507391155761316
2.67 102.65624355245235 0.13486023910083297
2.6799999999999997 107.0709941371413 0.14507997014856272
2.69 111.40448834270657 0.15572612254069568
2.6999999999999997 115.63782254703241 0.1667898530235636
2.71 119.752609930829 0.17826050010145722
2.7199999999999998 123.73112780270719 0.19012564165070897
2.73 127.55645525698284 0.20237116643227973
2.7399999999999998 131.2125997385932 0.21498135848951794
2.75 134.684611312391 0.2279389932896262
2.76 137.9586836653991 0.2412254443613619
2.77 141.02224110546564 0.25482079909827976
2.78 143.86401105341238 0.26870398233645626
2.79 146.47408175399437 0.2828528862778004
2.8 148.84394514989467 0.2972445053140535
2.81 150.9665250692634 0.31185507431130527
2.82 152.83619106813396 0.3266602089389481
2.8299999999999996 154.44875844216693 0.34163504666886774
2.84 155.80147507584155 0.3567543871284148
2.8499999999999996 156.8929959302645 0.3719928305624915
2.86 157.7233460824949 0.3873249132437953
2.8699999999999997 158.29387331948897 0.40272523876373995
2.88 158.60719135866864 0.4181686042379316
2.8899999999999997 158.6671148153081 0.43363012056698574
2.9 158.47858706534825 0.4490853260042422
2.9099999999999997 158.04760216210812 0.464510292394437
2.92 157.38112195808873 0.4798817235601094
2.9299999999999997 156.4869895602801 0.4951770454236895
2.94 155.37384021080769 0.5103744875615102
2.9499999999999997 154.05101063620765 0.5254531559901112
2.96 152.52844784992294 0.5403930970840919
2.9699999999999998 150.8166183256111 0.5551753526175038
2.98 148.9264183853225 0.5697820060066802
2.9899999999999998 146.86908656827296 0.5841962199108355
3.0 144.65611866440634 0.5984022654174791
3.01 142.29918601373384 0.6123855431022756
3.02 139.81005758891968 0.6261325963075086
3.03 137.20052629599218 0.6396311170296833
3.04 134.48233984748208 0.6528699448452374
3.05 131.66713648466066 0.665839059334052
3.06 128.76638575168343 0.678529566483779
3.07 125.79133445494033 0.69093367957434
3.08 122.75295787632886 0.7030446950517689
3.09 119.66191624984594 0.7148569639042941
3.0999999999999996 116.52851645708753 0.7263658590518647
3.11 113.3626788491324 0.7375677392535425
3.1199999999999997 110.17390905985121 0.7484599100260901
3.13 106.9712746389309 0.7590405820521023
3.1399999999999997 103.76338630168436 0.769308827537685
3.15 100.55838356682595 0.7792645349586657
3.1599999999999997 97.36392453263366 0.7889083626109173
3.17 94.18717952592888 0.7982416913552662
3.1799999999999997 91.0348283468468 0.8072665769209804
3.19 87.9130608250056 0.8159857021044301
3.1999999999999997 84.82758039913259 0.8244023291716182
3.21 81.78361043202128 0.8325202527451603
3.2199999999999998 78.78590297556207 0.8403437534283535
3.23 75.83874970609445 0.8478775523914034
3.2399999999999998 72.94599475814132 0.8551267671179952
3.25 70.11104919432827 0.8620968684843455
3.26 67.33690686066163 0.8687936393178615
3.27 64.6261613889976 0.8752231345587064
3.28 61.98102412220983 0.881391643125008
3.29 59.40334275197237 0.8873056515612807
3.3 56.8946204739869 0.8929718095298629
3.31 54.456035480658436 0.8983968971869154
3.32 52.0884606264886 0.9035877944677022
3.33 49.79248311660752 0.9085514522905845
3.34 47.568424083788095 0.9132948656752964
3.3499999999999996 45.4163579338069 0.9178250487586628
3.36 43.336131353074975 0.9221490116799155
3.3699999999999997 41.327381885923046 0.9262737392980568
3.38 39.389556001750975 0.9302061716953647
3.3899999999999997 37.52192658437256 0.9339531864139137
3.4 35.72360978725585 0.9375215823659856
3.4099999999999997 33.993581208974454 0.940918065354254
3.42 32.33069135299692 0.944149235133689
3.4299999999999997 30.733680344986148 0.9472215739440352
3.44 29.201191889022116 0.9501414364395696
3.4499999999999997 27.731786451652788 0.9529150409413408
3.46 26.323953669404098 0.9555484619363999
3.4699999999999998 24.976123981393993 0.9580476237483675
3.48 23.686679494011347 0.9604182953041248
3.4899999999999998 22.453964089275818 0.9626660859223289
3.5 21.276292792529397 0.9647964420507668
3.51 20.15196041856031 0.9668146448812853
3.52 19.07924951815695 0.9687258087730269
3.53 18.056437649493322 0.9705348804169596
3.54 17.081804000672463 0.9722466386771911
3.55 16.153635391260195 0.9738656950471599
3.56 15.270231681759077 0.975396494661608
3.57 14.429910620736768 0.9768433178080709
3.58 13.631012159776521 0.978210281884546
3.59 12.871902266589204 0.9795013437529688
3.5999999999999996 12.150976266552785 0.9807203024410589
3.61 11.466661742655806 0.9818708021480415
3.6199999999999997 10.817421023343314 0.9829563355126678
3.63 10.201753287128883 0.983980247104762
3.6399999999999997 9.61819631206412 0.9849457371043481
3.65 9.065327897273786 0.985855865135061
3.6599999999999997 8.541766982791271 0.986713554221187
3.67 8.046174492881923 0.9875215948401581
3.6799999999999997 7.577253926943336 0.9882826490447327
3.69 7.133751720930034 0.9889992546314115
3.6999999999999997 6.714457401087549 0.9896738293337677
3.71 6.318203550602121 0.9903086750214889
3.7199999999999998 5.943865608593614 0.9909059818878493
3.73 5.590361519706161 0.9914678326101583
3.7399999999999998 5.256651251395747 0.9919962064694963
3.75 4.941736194877003 0.9924929834176011
3.76 4.644658464587329 0.9929599480803203
3.77 4.364500109951043 0.9933987936884212
3.78 4.100382252190403 0.9938111259278165
3.79 3.851464157932729 0.9941984667025213
3.8 3.6169422604084382 0.9945622578046733
3.81 3.3960491381232845 0.9949038644870334
3.82 3.188052460023018 0.995224578934248
3.83 2.9922539053476553 0.995525623630016
3.84 2.8079880655984244 0.9958081546180698
3.8499999999999996 2.6346213353112065 0.9960732646555506
3.86 2.47155079764673 0.9963219862579903
3.8699999999999997 2.3182031101674396 0.9965552946356634
3.88 2.174033395574438 0.9967741105215531
3.8899999999999997 2.038524141623022 0.9969793028916415
3.9 1.911184113920369 0.9971716915785884
3.9099999999999997 1.7915472848335918 0.9973520497802179
3.92 1.679171781297333 0.9975211064645422
3.9299999999999997 1.5736388539072907 0.9976795486732405
3.94 1.4745518693164896 0.9978280237258201
3.9499999999999997 1.3815353276137243 0.9979671413267691
3.96 1.2942339060563353 0.9980974755782398
3.9699999999999998 1.2123115302507481 0.9982195669008652
3.98 1.1354504736218922 0.9983339238654283
3.9899999999999998 1.0633504857856004 0.9984410249381914
4.0 0.9957279502341186 0.9985413201426939
4.01 0.9323150715629636 0.9986352326409121
4.02 0.8728590923048689 0.998723160236656
4.03 0.8171215392938009 0.9988054768040763
4.04 0.7648774993555455 0.9988825336441741
4.05 0.7159149240111206 0.998954660772126
4.06 0.670033962783828 0.9990221681382606
4.07 0.6270463246181729 0.9990853467854339
4.08 0.5867746668488745 0.9991444699455188
4.09 0.5490520110990493 0.9991997940776733
4.1 0.5137211854378143 0.9992515598509619
4.109999999999999 0.480634292087572 0.9992999930738725
4.12 0.44965219993967664 0.999345305573177
4.13 0.42064406111301467 0.9993876960245053
4.14 0.3934868507723345 0.9994273507369557
4.1499999999999995 0.3680649294115942 0.9994644443939564
4.16 0.34426962680110246 0.9994991407525339
4.17 0.3219988467954747 0.9995315933030597
4.18 0.3011566922017076 0.9995619458914674
4.1899999999999995 0.2816531089126174 0.9995903333058606
4.2 0.2634035485197765 0.9996168818293456
4.21 0.2463286486318267 0.9996417097608499
4.22 0.23035393013789268 0.9996649279056296
4.2299999999999995 0.21540951067180822 0.9996866400370588
4.24 0.2014298335502148 0.9997069433312625
4.25 0.18835341147651813 0.999725928776057
4.26 0.17612258432244052 0.9997436815556034
4.27 0.16468329031970613 0.9997602814121188
4.28 0.15398485001561946 0.9997758029859127
4.29 0.14397976236810903 0.9997903161349716
4.3 0.1346235123777916 0.9998038862352319
4.31 0.12587438967678177 0.9998165744626526
4.32 0.11769331751610745 0.9998284380581157
4.33 0.11004369161563322 0.999839530576146
4.34 0.10289122836220152 0.9998499021183889
4.35 0.09620382186327106 0.9998595995527262
4.36 0.08995140938447072 0.9998686667188771
4.37 0.08410584472026053 0.9998771446212757
4.38 0.07864077906715418 0.999885071609975
4.39 0.07353154898874538 0.9998924835502939
4.3999999999999995 0.06875507108097909 0.9998994139818711
4.41 0.0642897429647661 0.999905894267769
4.42 0.06011535025110226 0.999911953734225
4.43 0.05621297914128355 0.9999176198016057
4.4399999999999995 0.05256493434167127 0.9999229181071122
4.45 0.04915466198865087 0.9999278726197324
4.46 0.04596667729503998 0.9999325057479116
4.47 0.0429864966441673 0.9999368384403884
4.4799999999999995 0.04020057387221825 0.9999408902806288
4.49 0.03759624049319304 0.9999446795752371
4.5 0.035161649633992854 0.9999482234367224
4.51 0.032885723459727546 0.9999515378609826
4.52 0.030758103881352365 0.999954637799818
4.53 0.02876910634919623 0.9999575372287952
4.54 0.02690967654685607 0.9999602492107545
4.55 0.025171349810328928 0.9999627859552247
4.56 0.023546213107134076 0.9999651588740178
4.57 0.02202686941957337 0.9999673786332289
4.58 0.020606404385200335 0.9999694552018795
4.59 0.019278355056033952 0.9999713978974158
4.6 0.018036680646086375 0.9999732154282585
4.61 0.016875735144378387 0.999974915933592
4.62 0.015790241677829834 0.9999765070205767
4.63 0.014775268515228895 0.9999779957991367
4.64 0.01382620660994266 0.9999793889144901
4.6499999999999995 0.012938748585128449 0.9999806925775587
4.66 0.012108869070975485 0.9999819125933983
4.67 0.011332806308949664 0.9999830543877751
4.68 0.010607044943154504 0.9999841230320056
4.6899999999999995 0.009928299923775143 0.9999851232661763
4.7 0.009293501452143856 0.999986059520848
4.71 0.008699780901280625 0.9999869359373345
4.72 0.008144457649825687 0.9999877563866633
4.7299999999999995 0.0076250267711097195 0.9999885244872858
4.74 0.007139147522712745 0.999989243621636
4.75 0.006684632585254715 0.9999899169515969
4.76 0.006259438002354517 0.999990547432958
4.77 0.005861653776697407 0.9999911378289243
4.78 0.005489495079973434 0.9999916907227429
4.79 0.005141294037105306 0.9999922085294576
4.8 0.004815492047676743 0.9999926935070054
4.81 0.004510632609817783 0.9999931477664382
4.82 0.004225354614002283 0.9999935732815739
4.83 0.003958386076280274 0.9999939718979821
4.84 0.003708538282407138 0.9999943453413778
4.85 0.0034747003161519218 0.9999946952254676
4.86 0.0032558339467745347 0.9999950230592786
4.87 0.0030509688522640578 0.9999953302540073
4.88 0.0028591981564313417 0.9999956181294175
4.89 0.0026796742593592866 0.9999958879198163
4.8999999999999995 0.0025116049420328686 0.9999961407796395
4.91 0.0023542497272088744 0.9999963777886716
4.92 0.0022069164797451552 0.9999965999569164
4.93 0.002068958230694421 0.9999968082291533
4.9399999999999995 0.0019397702104859162 0.9999970034891945
4.95 0.001818787077470669 0.9999971865638582
4.96 0.0017054803289981689 0.9999973582266852
4.97 0.0015993558830276514 0.9999975192014071
4.9799999999999995 0.001499951819059352 0.9999976701651933
4.99 0.0014068362679022896 0.9999978117516777
5.0 0.0013196054404805437 0.9999979445537921
5.01 0.0012378817865201781 0.9999980691264111
5.02 0.0011613122745591288 0.9999981859888243
5.03 0.001089566785282322 0.9999982956270466
5.04 0.0010223366107095734 0.9999983984959782
5.05 0.000959333052253722 0.9999984950214198
5.06 0.0009002861111256123 0.9999985856019618
5.07 0.000844943264991126 0.99999867061074
5.08 0.0007930683251867138 0.9999987503970893
5.09 0.0007444403691743664 0.9999988252880794
5.1 0.0006988527432678963 0.9999988955899529
5.11 0.0006561121309894062 0.9999989615894711
5.12 0.0006160376827212548 0.9999990235551709
5.13 0.0005784602026046586 0.9999990817385395
5.14 0.0005432213889035451 0.9999991363751111
5.1499999999999995 0.0005101731243019664 0.9999991876854966
5.16 0.0004791768128366405 0.9999992358763412
5.17 0.0004501027603844105 0.9999992811412209
5.18 0.00042282959582786784 0.9999993236614858
5.1899999999999995 0.0003972437302128412 0.9999993636070387
5.2 0.0003732388513890144 0.9999994011370729
5.21 0.0003507154517910541 0.9999994364007555
5.22 0.0003295803871725946 0.999999469537872
5.2299999999999995 0.0003097464642503148 0.999999500679423
5.24 0.0002911320553505027 0.9999995299481852
5.25 0.00027366073827687524 0.9999995574592389
5.26 0.00025726095973629395 0.9999995833204547
5.27 0.0002418657207692506 0.9999996076329559
5.28 0.00022741228273475726 0.999999630491546
5.29 0.00021384189249535533 0.9999996519851114
5.3 0.0002010995255376443 0.9999996721969964
5.31 0.00018913364584742824 0.9999996912053553
5.32 0.00017789598143678757 0.999999709083479
5.33 0.0001673413144933689 0.9999997259001079
5.34 0.00015742728519032198 0.9999997417197127
5.35 0.00014811420825898699 0.9999997566027722
5.36 0.00013936490148580745 0.9999997706060179
5.37 0.00013114452535043547 0.9999997837826742
5.38 0.00012342043307375693 0.9999997961826788
5.39 0.00011616203039295569 0.9999998078525432
5.3999999999999995 0.00010934064442583132 0.9999998188372712
5.41 0.00010292940102876144 0.9999998291770958
5.42 9.690311009202454e-05 0.9999998389110867
5.43 9.123815825295086e-05 0.9999998480755973
5.4399999999999995 8.591240854165394e-05 0.9999998567047504
5.45 8.090510650611968e-05 0.9999998648305798
5.46 7.619679239333625e-05 0.999999872483159
5.47 7.176921899102977e-05 0.9999998796907271
5.4799999999999995 6.760527476067687e-05 0.9999998864798013
5.49 6.368891191675193e-05 0.9999998928752809
5.5 6.000507912992118e-05 0.9999998989005525
5.51 5.653965855307717e-05 0.9999999045775815
5.52 5.327940688894631e-05 0.9999999099270003
5.53 5.0211900236462996e-05 0.9999999149681912
5.54 4.732548247039764e-05 0.9999999197193621
5.55 4.4609216924837426e-05 0.9999999241976233
5.56 4.205284116617925e-05 0.9999999284190537
5.57 3.964672465536116e-05 0.9999999323987555
5.58 3.738182911217527e-05 0.9999999361509295
5.59 3.524967140678424e-05 0.9999999396889198
5.6 3.3242288815002456e-05 0.9999999430252702
5.61 3.135220648460493e-05 0.9999999461717719
5.62 2.9572406969911493e-05 0.9999999491395107
5.63 2.7896301701226853e-05 0.999999951938909
5.64 2.6317704264425785e-05 0.9999999545797681
5.6499999999999995 2.4830805374118535e-05 0.9999999570713026
5.66 2.343014943142489e-05 0.9999999594221828
5.67 2.2110612564496547e-05 0.9999999616405586
5.68 2.0867382056551752e-05 0.9999999637340992
5.6899999999999995 1.969593707239032e-05 0.9999999657100183
5.7 1.859203060014449e-05 0.9999999675751027
5.71 1.7551672530428674e-05 0.9999999693357361
5.72 1.6571113800104422e-05 0.9999999709979281
5.7299999999999995 1.5646831532602685e-05 0.999999972567334
5.74 1.4775515111152131e-05 0.9999999740492724
5.75 1.39540531253883e-05 0.9999999754487544
5.76 1.3179521135668112e-05 0.9999999767704925
5.77 1.2449170203017349e-05 0.999999978018926
5.78 1.1760416136000171e-05 0.9999999791982322
5.79 1.1110829408946067e-05 0.9999999803123448
5.8 1.0498125708906634e-05 0.9999999813649698
5.81 9.920157071464466e-06 0.9999999823595966
5.82 9.374903568079635e-06 0.9999999832995072
5.83 8.860465510064906e-06 0.9999999841877993
5.84 8.375056136518328e-06 0.9999999850273869
5.85 7.916994755645559e-06 0.9999999858210161
5.86 7.484700310860892e-06 0.9999999865712745
5.87 7.076685344892137e-06 0.9999999872806001
5.88 6.69155033682734e-06 0.9999999879512894
5.89 6.327978388646301e-06 0.9999999885855083
5.8999999999999995 5.984730239277322e-06 0.999999989185295
5.91 5.66063958562287e-06 0.9999999897525756
5.92 5.354608691308548e-06 0.9999999902891613
5.93 5.065604265136038e-06 0.9999999907967612
5.9399999999999995 4.792653592368598e-06 0.9999999912769871
5.95 4.534840903049723e-06 0.999999991731359
5.96 4.291303962560374e-06 0.999999992161308
5.97 4.061230870557705e-06 0.9999999925681857
5.9799999999999995 3.843857055319334e-06 0.9999999929532688
5.99 3.6384624513362634e-06 0.9999999933177568
6.0 3.4443688487689412e-06 0.9999999936627851
6.01 3.2609374040996845e-06 0.9999999939894232
6.02 3.08756630198826e-06 0.999999994298681
6.03 2.9236885589685846e-06 0.9999999945915097
6.04 2.7687699602128343e-06 0.9999999948688088
6.05 2.6223071211434333e-06 0.9999999951314266
6.06 2.483825666188741e-06 0.999999995380166
6.07 2.3528785174628606e-06 0.9999999956157785
6.08 2.2290442866029423e-06 0.9999999958389807
6.09 2.1119257634208805e-06 0.9999999960504451
6.1 2.001148495424652e-06 0.9999999962508092
6.11 1.8963594526345497e-06 0.9999999964406705
6.12 1.7972257724696883e-06 0.9999999966205998
6.13 1.7034335798045178e-06 0.9999999967911303
6.14 1.6146868776018405e-06 0.9999999969527689
6.15 1.5307065038138153e-06 0.9999999971059931
6.16 1.4512291505110066e-06 0.9999999972512554
6.17 1.3760064414501995e-06 0.9999999973889816
6.18 1.3048040645269169e-06 0.9999999975195746
6.1899999999999995 1.237400955778758e-06 0.9999999976434158
6.2 1.1735885318122852e-06 0.9999999977608656
6.21 1.1131699677191892e-06 0.999999997872263
6.22 1.0559595177290825e-06 0.9999999979779299
6.2299999999999995 1.0017818760157978e-06 0.9999999980781717
6.24 9.504715752334362e-07 0.9999999981732741
6.25 9.018724205074705e-07 0.9999999982635103
6.26 8.558369567459578e-07 0.9999999983491359
6.27 8.122259672673951e-07 0.9999999984303946
6.28 7.70908001864007e-07 0.9999999985075161
6.29 7.317589325351688e-07 0.9999999985807173
6.3 6.946615352330648e-07 0.9999999986502047
6.31 6.595050960644629e-07 0.9999999987161733
6.32 6.261850404871585e-07 0.9999999987788045
6.33 5.946025841289752e-07 0.999999998838275
6.34 5.64664403940461e-07 0.999999998894748
6.35 5.362823284711749e-07 0.9999999989483807
6.36 5.093730461326133e-07 0.9999999989993192
6.37 4.838578303800221e-07 0.9999999990477042
6.38 4.5966228080995507e-07 0.9999999990936678
6.39 4.367160792311659e-07 0.9999999991373351
6.4 4.1495275982336795e-07 0.9999999991788244
6.41 3.9430949255188373e-07 0.9999999992182473
6.42 3.747268790563124e-07 0.999999999255711
6.43 3.56148760278527e-07 0.9999999992913152
6.4399999999999995 3.385220351393691e-07 0.9999999993251563
6.45 3.2179648961501464e-07 0.999999999357324
6.46 3.0592463560286486e-07 0.9999999993879036
6.47 2.9086155900333026e-07 0.9999999994169145
6.4799999999999995 2.7656477647837017e-07 0.9999999994446179
6.49 2.6299410037961e-07 0.999999999459367
6.5 2.501115113694326e-07 0.9999999994958989
6.51 2.3788103828658824e-07 0.999999999519672
6.52 2.2626864483475312e-07 0.9999999995422831
6.53 2.152421226974419e-07 0.9999999995637915
6.54 2.0477099070626893e-07 0.9999999995842525
6.55 1.9482639971164796e-07 0.999999999603719
6.56 1.8538104282585207e-07 0.9999999996222412
6.57 1.7640907072784683e-07 0.9999999996398662
6.58 1.6788601173766002e-07 0.9999999996566383
6.59 1.5978869638532845e-07 0.9999999996726012
6.6 1.5209518621563106e-07 0.9999999996877948
6.61 1.4478470658506493e-07 0.9999999997022575
6.62 1.3783758322185123e-07 0.9999999997160259
6.63 1.312351823331642e-07 0.9999999997291339
6.64 1.2495985405650393e-07 0.9999999997416149
6.65 1.1899487906394388e-07 0.9999999997534992
6.66 1.1332441813924024e-07 0.9999999997648167
6.67 1.0793346455823585e-07 0.999999999775596
6.68 1.0280779911294835e-07 0.999999999785862
6.6899999999999995 9.793394762896191e-08 0.999999999795641
6.7 9.329914083455406e-08 0.9999999998049574
6.71 8.889127644815189e-08 0.9999999998138328
6.72 8.469888335849919e-08 0.9999999998222898
6.7299999999999995 8.071108777917223e-08 0.9999999998303476
6.74 7.691758126592807e-08 0.9999999998380266
6.75 7.330859049182565e-08 0.9999999998453454
6.76 6.987484868111145e-08 0.9999999998523207
6.77 6.660756860857981e-08 0.9999999998589695
6.78 6.349841707646837e-08 0.9999999998653079
6.79 6.053949078602749e-08 0.9999999998713504
6.8 5.7723293525638304e-08 0.999999999877112
6.81 5.504271460184468e-08 0.9999999998826051
6.82 5.2491008443874546e-08 0.9999999998878437
6.83 5.0061775316199483e-08 0.9999999998928403
6.84 4.7748943077411444e-08 0.9999999998976051
6.85 4.55467499272254e-08 0.9999999999021504
6.86 4.344972808671414e-08 0.9999999999064857
6.87 4.145268836002655e-08 0.9999999999106219
6.88 3.955070552874983e-08 0.999999999914568
6.89 3.773910453287518e-08 0.9999999999183332
6.9 3.601344739491407e-08 0.9999999999219263
6.91 3.43695208461753e-08 0.9999999999253549
6.92 3.280332461653612e-08 0.9999999999286273
6.93 3.131106035120479e-08 0.9999999999317508
6.9399999999999995 2.988912112004945e-08 0.9999999999347325
6.95 2.853408148698559e-08 0.9999999999375786
6.96 2.7242688108751352e-08 0.9999999999402959
6.97 2.6011850834118732e-08 0.9999999999428906
6.9799999999999995 2.4838634276209927e-08 0.9999999999453675
6.99 2.3720249832112545e-08 0.9999999999477334
7.0 2.265404812544416e-08 0.9999999999499922
7.01 2.163751184885132e-08 0.9999999999521502
7.02 2.0668248984736175e-08 0.999999999954211
7.03 1.9743986383693498e-08 0.9999999999561799
7.04 1.8862563681289065e-08 0.9999999999580609
7.05 1.802192753488139e-08 0.9999999999598582
7.06 1.72201261632095e-08 0.9999999999615746
7.07 1.6455304172414832e-08 0.9999999999632151
7.08 1.5725697653078315e-08 0.9999999999647832
7.09 1.502962953369917e-08 0.9999999999662815
7.1 1.4365505176844426e-08 0.9999999999677137
7.11 1.3731808204961145e-08 0.9999999999690822
7.12 1.3127096543551855e-08 0.9999999999703904
7.13 1.254999867009361e-08 0.9999999999716418
7.14 1.1999210057717271e-08 0.9999999999728373
7.15 1.1473489803260266e-08 0.999999999973981
7.16 1.0971657429881728e-08 0.999999999975074
7.17 1.0492589854956853e-08 0.9999999999761199
7.18 1.0035218514477934e-08 0.99999999997712
7.1899999999999995 9.598526635665944e-09 0.9999999999780771
7.2 9.181546649945885e-09 0.9999999999789915
7.21 8.783357738868117e-09 0.9999999999798667
7.22 8.403083505957501e-09 0.9999999999807041
7.2299999999999995 8.039889767851795e-09 0.999999999981505
7.24 7.692982458453955e-09 0.999999999982272
7.25 7.361605640154417e-09 0.9999999999830052
7.26 7.045039616507778e-09 0.9999999999837067
7.27 6.74259914104404e-09 0.9999999999843784
7.28 6.453631717185027e-09 0.9999999999850208
7.29 6.177515984504892e-09 0.9999999999856358
7.3 5.9136601868274135e-09 0.9999999999862249
7.31 5.661500717897857e-09 0.9999999999867878
7.32 5.420500740591068e-09 0.9999999999873281
7.33 5.190148875835659e-09 0.9999999999878472
7.34 4.969957957636691e-09 0.9999999999883424
7.35 4.759463850772232e-09 0.9999999999888157
7.36 4.558224327921384e-09 0.9999999999892697
7.37 4.365818003152743e-09 0.9999999999897046
7.38 4.181843318866236e-09 0.9999999999901209
7.39 4.005917583434117e-09 0.9999999999905198
7.4 3.837676056933695e-09 0.9999999999909016
7.41 3.676771082500491e-09 0.9999999999912675
7.42 3.5228712609622506e-09 0.9999999999916186
7.43 3.375660666536975e-09 0.9999999999919548
7.4399999999999995 3.2348381014939037e-09 0.9999999999922771
7.45 3.1001163877882027e-09 0.9999999999925853
7.46 2.971221693783087e-09 0.9999999999928809
7.47 2.8478928942723453e-09 0.9999999999931648
7.4799999999999995 2.7298809621100987e-09 0.9999999999934363
7.49 2.6169483898422134e-09 0.9999999999936975
7.5 2.508868639818203e-09 0.999999999993947
7.51 2.4054256213412882e-09 0.9999999999941854
7.52 2.306413193489296e-09 0.9999999999944148
7.53 2.211634692310506e-09 0.9999999999946355
7.54 2.1209024811648828e-09 0.9999999999948466
7.55 2.0340375230457115e-09 0.9999999999950492
7.56 1.950868973776505e-09 0.9999999999952427
7.57 1.871233795034774e-09 0.9999999999954291
7.58 1.7949763862091417e-09 0.999999999995608
7.59 1.7219482341463797e-09 0.9999999999957797
7.6 1.6520075798945964e-09 0.9999999999959437
7.61 1.5850191015937947e-09 0.9999999999961013
7.62 1.5208536127088551e-09 0.9999999999962522
7.63 1.4593877748415043e-09 0.9999999999963977
7.64 1.4005038243962848e-09 0.9999999999965363
7.65 1.3440893124132197e-09 0.9999999999966701
7.66 1.2900368569141795e-09 0.9999999999967982
7.67 1.2382439071440432e-09 0.9999999999969215
7.68 1.1886125191183776e-09 0.9999999999970401
7.6899999999999995 1.141049141919971e-09 0.9999999999971538
7.7 1.0954644142142204e-09 0.9999999999972621
7.71 1.0517729704807147e-09 0.9999999999973668
7.72 1.0098932564833723e-09 0.9999999999974676
7.7299999999999995 9.697473535259114e-10 0.9999999999975637
7.74 9.312608110621421e-10 0.9999999999976568
7.75 8.943624872521983e-10 0.9999999999977455
7.76 8.589843970764887e-10 0.9999999999978307
7.77 8.250615676387264e-10 0.9999999999979123
7.78 7.925319003075939e-10 0.9999999999979919
7.79 7.613360393644454e-10 0.9999999999980685
7.8 7.314172468409069e-10 0.9999999999981418
7.81 7.027212832461085e-10 0.9999999999982104
7.82 6.751962938982126e-10 0.9999999999982784
7.83 6.487927005891077e-10 0.999999999998343
7.84 6.234630983246716e-10 0.9999999999984055
7.85 5.991621568957265e-10 0.9999999999984648
7.86 5.758465270470171e-10 0.9999999999985216
7.87 5.534747510230678e-10 0.999999999998576
7.88 5.320071772805833e-10 0.9999999999986298
7.89 5.114058791677016e-10 0.9999999999986802
7.9 4.916345773799201e-10 0.999999999998729
7.91 4.726585660122537e-10 0.9999999999987755
7.92 4.5444464203568097e-10 0.9999999999988209
7.93 4.3696103803469666e-10 0.9999999999988647
7.94 4.201773580506181e-10 0.9999999999989069
7.95 4.0406451638292775e-10 0.9999999999989463
7.96 3.88594679208183e-10 0.999999999998985
7.97 3.7374120888289455e-10 0.9999999999990222
7.9799999999999995 3.5947861080324965e-10 0.9999999999990579
7.99 3.4578248270077836e-10 0.9999999999990925
8.0 3.32629466258949e-10 0.9999999999991254
8.01 3.199972009412198e-10 0.9999999999991569
8.02 3.0786427992644684e-10 0.9999999999991873
8.03 2.9621020805251503e-10 0.999999999999217
8.04 2.850153616739762e-10 0.9999999999992455
8.05 2.742609503438244e-10 0.9999999999992724
8.06 2.6392898023414665e-10 0.9999999999992987
8.07 2.5400221921420527e-10 0.9999999999993244
8.08 2.444641635086838e-10 0.9999999999993489
8.09 2.3529900586233395e-10 0.9999999999993725
8.1 2.2649160514094354e-10 0.9999999999993948
8.11 2.1802745730183903e-10 0.999999999999416
8.12 2.09892667670295e-10 0.9999999999994369
8.13 2.0207392446138193e-10 0.9999999999994571
8.14 1.9455847348952617e-10 0.9999999999994765
8.15 1.8733409401091502e-10 0.9999999999994948
8.16 1.8038907564640864e-10 0.9999999999995125
8.17 1.7371219633520826e-10 0.9999999999995297
8.18 1.6729270127175458e-10 0.9999999999995469
8.19 1.6112028278071545e-10 0.9999999999995631
8.2 1.551850610869606e-10 0.9999999999995787
8.209999999999999 1.494775659395242e-10 0.9999999999995932
8.22 1.4398871905042504e-10 0.9999999999996078
8.23 1.387098173111484e-10 0.9999999999996212
8.24 1.3363251675121724e-10 0.9999999999996344
8.25 1.2874881720509975e-10 0.9999999999996472
8.26 1.240510476551554e-10 0.9999999999996593
8.27 1.195318522199049e-10 0.9999999999996707
8.28 1.1518417675834053e-10 0.9999999999996826
8.29 1.1100125606233512e-10 0.9999999999996939
8.3 1.0697660161053507e-10 0.9999999999997037
8.31 1.031039898583654e-10 0.9999999999997139
8.32 9.937745103991752e-11 0.9999999999997244
8.33 9.579125845868976e-11 0.9999999999997341
8.34 9.233991824512684e-11 0.9999999999997436
8.35 8.901815956001492e-11 0.9999999999997524
8.36 8.58209252236916e-11 0.9999999999997609
8.37 8.274336275199627e-11 0.9999999999997687
8.38 7.97808157807505e-11 0.9999999999997771
8.39 7.692881586139657e-11 0.9999999999997844
8.4 7.418307461123236e-11 0.9999999999997913
8.41 7.153947620243105e-11 0.9999999999997985
8.42 6.899407017476444e-11 0.9999999999998058
8.43 6.654306455764401e-11 0.9999999999998124
8.44 6.418281928774563e-11 0.9999999999998187
8.45 6.190983990910961e-11 0.9999999999998249
8.459999999999999 5.972077154322678e-11 0.9999999999998309
8.47 5.76123931171547e-11 0.9999999999998367
8.48 5.558161183829143e-11 0.9999999999998418
8.49 5.362545790492012e-11 0.9999999999998473
8.5 5.174107944215058e-11 0.9999999999998523
8.51 4.992573765335287e-11 0.9999999999998573
8.52 4.817680217761036e-11 0.9999999999998619
8.53 4.649174664417278e-11 0.9999999999998668
8.54 4.486814441527494e-11 0.9999999999998713
8.55 4.3303664509095756e-11 0.9999999999998752
8.56 4.1796067694979765e-11 0.9999999999998795
8.57 4.0343202753421906e-11 0.9999999999998835
8.58 3.894300289363724e-11 0.9999999999998876
8.59 3.7593482321863166e-11 0.9999999999998918
8.6 3.629273295385059e-11 0.999999999999895
8.61 3.50389212652925e-11 0.9999999999998985
8.62 3.3830285274216374e-11 0.9999999999999019
8.63 3.2665131649632416e-11 0.9999999999999052
8.64 3.1541832940994544e-11 0.9999999999999081
8.65 3.045882492324797e-11 0.999999999999911
8.66 2.941460405250299e-11 0.9999999999999138
8.67 2.8407725027569068e-11 0.9999999999999166
8.68 2.7436798452801237e-11 0.9999999999999194
8.69 2.65004885979205e-11 0.9999999999999224
8.7 2.5597511250650778e-11 0.999999999999925
8.71 2.4726631658201645e-11 0.9999999999999272
8.72 2.3886662553808383e-11 0.9999999999999296
8.73 2.3076462264693717e-11 0.9999999999999318
8.74 2.2294932897988483e-11 0.999999999999934
8.75 2.1541018601293504e-11 0.9999999999999362
8.76 2.0813703894713394e-11 0.9999999999999384
8.77 2.0112012071327187e-11 0.9999999999999396
8.78 1.943500366320152e-11 0.9999999999999419
8.79 1.878177497016892e-11 0.9999999999999435
8.8 1.8151456648723592e-11 0.9999999999999456
8.81 1.7543212358495406e-11 0.9999999999999469
8.82 1.6956237463878795e-11 0.9999999999999487
8.83 1.6389757788493188e-11 0.9999999999999504
8.84 1.5843028420257715e-11 0.999999999999952
8.85 1.5315332564955407e-11 0.999999999999954
8.86 1.480598044625405e-11 0.9999999999999553
8.87 1.4314308250242051e-11 0.9999999999999563
8.88 1.3839677112616377e-11 0.9999999999999585
8.89 1.3381472146744329e-11 0.9999999999999595
8.9 1.2939101510895107e-11 0.9999999999999601
8.91 1.2511995513011083e-11 0.999999999999962
8.92 1.2099605751458243e-11 0.9999999999999637
8.93 1.1701404290262317e-11 0.9999999999999648
8.94 1.131688286740167e-11 0.9999999999999655
8.95 1.0945552134787974e-11 0.9999999999999669
8.96 1.0586940928625301e-11 0.9999999999999679
8.97 1.0240595568891438e-11 0.9999999999999686
8.98 9.906079186745009e-12 0.9999999999999698
8.99 9.5829710787037e-12 0.9999999999999698
9.0 9.270866086496044e-12 0.9999999999999712
9.01 8.969374001531696e-12 0.9999999999999718
9.02 8.678118992979803e-12 0.9999999999999725
9.03 8.396739058490034e-12 0.9999999999999736
9.04 8.124885496629224e-12 0.9999999999999742
9.05 7.862222400147557e-12 0.9999999999999754
9.06 7.608426169223145e-12 0.9999999999999764
9.07 7.363185043873108e-12 0.9999999999999766
9.08 7.1261986547506866e-12 0.999999999999978
9.09 6.897177591580349e-12 0.9999999999999781
9.1 6.675842988517368e-12 0.9999999999999791
9.11 6.461926125744832e-12 0.9999999999999797
9.12 6.255168046650977e-12 0.9999999999999802
9.13 6.0553191899580335e-12 0.9999999999999808
9.14 5.862139036198519e-12 0.9999999999999817
9.15 5.675395767961348e-12 0.9999999999999816
9.16 5.494865943353196e-12 0.9999999999999827
9.17 5.3203341821437836e-12 0.9999999999999836
9.18 5.1515928640863235e-12 0.9999999999999836
9.19 4.98844183892492e-12 0.9999999999999842
9.2 4.830688147621256e-12 0.9999999999999849
9.21 4.67814575435106e-12 0.9999999999999853
9.22 4.53063528884186e-12 0.9999999999999853
9.23 4.387983798638501e-12 0.9999999999999859
9.24 4.2500245109011995e-12 0.9999999999999863
9.25 4.116596603357578e-12 0.9999999999999867
9.26 3.987544984044696e-12 0.9999999999999876
9.27 3.862720079492527e-12 0.9999999999999871
9.28 3.741977631014296e-12 0.9999999999999873
9.29 3.625178498783075e-12 0.9999999999999877
9.3 3.5121884733876987e-12 0.9999999999999882
9.31 3.4028780945713763e-12 0.9999999999999887
9.32 3.29712247687141e-12 0.9999999999999887
9.33 3.1948011418877783e-12 0.9999999999999895
9.34 3.0957978569201847e-12 0.9999999999999899
9.35 3.000000479723351e-12 0.9999999999999907
9.36 2.90730080914142e-12 0.9999999999999906
9.37 2.817594441390424e-12 0.9999999999999903
9.38 2.730780631768782e-12 0.9999999999999915
9.39 2.6467621615834374e-12 0.9999999999999912
9.4 2.5654452100882966e-12 0.9999999999999911
9.41 2.486739231239984e-12 0.999999999999992
9.42 2.4105568350835207e-12 0.9999999999999926
9.43 2.336813673587758e-12 0.9999999999999932
9.44 2.265428330758491e-12 0.9999999999999928
9.45 2.196322216863145e-12 0.9999999999999931
9.46 2.1294194666080767e-12 0.9999999999999937
9.47 2.0646468411157857e-12 0.9999999999999933
9.48 2.0019336335553714e-12 0.9999999999999939
9.49 1.94121157828547e-12 0.9999999999999931
9.5 1.8824147633745615e-12 0.9999999999999942
9.51 1.8254795463686466e-12 0.9999999999999939
9.52 1.7703444731815992e-12 0.9999999999999939
9.53 1.7169501999889003e-12 0.9999999999999939
9.54 1.6652394180092005e-12 0.9999999999999939
9.55 1.615156781063644e-12 1.0000000000000009
9.56 1.5666488358066915e-12 1.000000000000002
9.57 1.519663954526664e-12 1.0000000000000018
9.58 1.4741522704181036e-12 0.999999999999995
9.59 1.430065615231808e-12 0.9999999999999949
9.6 1.3873574592123367e-12 0.9999999999999948
9.61 1.3459828532360329e-12 0.999999999999995
9.62 1.3058983730664817e-12 0.9999999999999956
9.63 1.267062065646847e-12 0.9999999999999956
9.64 1.2294333973524256e-12 0.9999999999999959
9.65 1.1929732041291519e-12 0.9999999999999959
9.66 1.1576436434473884e-12 0.999999999999996
9.67 1.1234081480019447e-12 0.999999999999996
9.68 1.090231381093496e-12 0.9999999999999964
9.69 1.0580791936275454e-12 0.9999999999999966
9.7 1.0269185826706e-12 0.9999999999999967
9.71 9.967176515052378e-13 0.9999999999999964
9.72 9.674455711278694e-13 0.9999999999999968
9.73 9.390725431353465e-13 0.9999999999999972
9.74 9.115697639484892e-13 0.999999999999997
9.75 8.849093903229872e-13 0.9999999999999971
9.76 8.590645060993312e-13 0.9999999999999973
9.77 8.340090901461633e-13 0.999999999999997
9.78 8.097179854522801e-13 0.9999999999999976
9.79 7.86166869325206e-13 0.9999999999999977
9.8 7.633322246547935e-13 0.9999999999999972
9.81 7.411913122029645e-13 0.9999999999999976
9.82 7.197221438813753e-13 0.9999999999999973
9.83 6.989034569806555e-13 0.9999999999999973
9.84 6.787146893161372e-13 0.9999999999999978
9.85 6.591359552564805e-13 0.9999999999999977
9.86 6.401480226024618e-13 0.9999999999999977
9.87 6.217322902849306e-13 0.9999999999999981
9.88 6.038707668520225e-13 0.9999999999999977
9.89 5.865460497163255e-13 0.9999999999999979
9.9 5.697413051346092e-13 0.9999999999999978
9.91 5.534402488931249e-13 0.9999999999999983
9.92 5.376271276729171e-13 0.9999999999999982
9.93 5.222867010701022e-13 0.9999999999999983
9.94 5.07404224247678e-13 0.9999999999999982
9.95 4.92965431195496e-13 0.9999999999999984
9.96 4.789565185766189e-13 0.9999999999999981
9.97 4.653641301387115e-13 0.9999999999999984
9.98 4.521753416699546e-13 0.9999999999999983
9.99 4.3937764647992674e-13 0.9999999999999987
10.0 4.2695894138633097e-13 0.9999999999999984
10.01 4.149075131894425e-13 0.9999999999999988
10.02 4.0321202561670163e-13 0.9999999999999987
10.03 3.9186150672047414e-13 0.9999999999999984
10.04 3.808453367127256e-13 0.9999999999999989
10.05 3.7015323622095536e-13 0.9999999999999988
10.06 3.5977525495028786e-13 0.9999999999999988
10.07 3.497017607371099e-13 0.999999999999999
10.08 3.39923428980337e-13 0.9999999999999989
10.09 3.304312324368359e-13 0.999999999999999
10.1 3.212164313678944e-13 0.9999999999999984
10.11 3.122705640243983e-13 0.999999999999999
10.12 3.035854374584924e-13 0.9999999999999992
10.13 2.951531186503277e-13 0.9999999999999987
10.14 2.869659259384939e-13 0.9999999999999992
10.15 2.7901642074351634e-13 0.9999999999999781
10.16 2.7129739957404215e-13 0.9999999999999989
10.17 2.638018863056249e-13 0.9999999999999992
10.18 2.5652312472257354e-13 0.9999999999999992
10.19 2.494545713135424e-13 0.999999999999999
10.2 2.4258988831193837e-13 0.9999999999999993
10.21 2.3592293697253044e-13 0.9999999999999989
10.22 2.2944777107593764e-13 0.9999999999999992
10.23 2.231586306530578e-13 0.9999999999999992
10.24 2.1704993592163706e-13 0.9999999999999992
10.25 2.1111628142765962e-13 0.9999999999999992
10.26 2.0535243038429515e-13 0.9999999999999994
10.27 1.9975330920156488e-13 0.9999999999999996
10.28 1.9431400220005081e-13 0.9999999999999992
10.29 1.8902974650227494e-13 0.9999999999999992
10.3 1.838959270954705e-13 0.9999999999999996
10.31 1.7890807205991207e-13 0.9999999999999993
10.32 1.7406184795695868e-13 0.9999999999999996
10.33 1.6935305537133017e-13 0.9999999999999993
10.34 1.6477762460223997e-13 0.9999999999999992
10.35 1.6033161149827676e-13 0.9999999999999993
10.36 1.560111934310171e-13 0.9999999999999994
10.37 1.5181266540262085e-13 1.0000000000000002
10.38 1.477324362827924e-13 0.9999999999999993
10.39 1.437670251706346e-13 0.9999999999999992
10.4 1.3991305787710673e-13 0.9999999999999999
10.41 1.3616726352395683e-13 0.9999999999999998
10.42 1.3252647125513052e-13 0.9999999999999994
10.43 1.2898760705679475e-13 0.9999999999999994
10.44 1.2554769068227119e-13 0.9999999999999992
10.45 1.2220383267828365e-13 0.9999999999999992
10.46 1.1895323150907963e-13 0.9999999999999992
10.47 1.1579317077507084e-13 0.9999999999999992
10.48 1.1272101652277415e-13 0.999999999999999
10.49 1.0973421464297739e-13 0.9999999999999994
10.5 1.068302883540879e-13 0.9999999999999994
10.51 1.0400683576782669e-13 0.9999999999999996
10.52 1.0126152753441752e-13 0.9999999999999998
10.53 9.859210456464166e-14 0.9999999999999999
10.54 9.599637582611408e-14 1.0
10.55 9.34722162113051e-14 1.0000000000000002
10.56 9.101756447486095e-14 0.9999999999999999
10.57 8.863042123790931e-14 0.9999999999999996
10.58 8.630884705711461e-14 0.9999999999999996
10.59 8.40509605562364e-14 0.9999999999999996
10.6 8.185493661818933e-14 0.9999999999999996
10.61 7.971900463549775e-14 0.9999999999999998
10.62 7.764144681722426e-14 1.0
10.63 7.562059655049827e-14 0.9999999999999994
10.64 7.365483681477667e-14 0.9999999999999996
10.65 7.174259864712036e-14 1.0000000000000002
10.66 6.988235965675997e-14 1.0000000000000002
10.67 6.807264258733452e-14 1.0
10.68 6.631201392517844e-14 0.9999999999999994
10.69 6.459908255217649e-14 0.9999999999999993
10.7 6.293249844167287e-14 0.9999999999999996
10.71 6.131095139602465e-14 0.9999999999999994
10.72 5.97331698244141e-14 0.9999999999999996
10.73 5.81979195595989e-14 0.9999999999999999
10.74 5.6704002712301954e-14 0.9999999999999998
10.75 5.5250256562008966e-14 1.0
10.76 5.3835552482978745e-14 1.0
10.77 5.245879490429427e-14 1.0000000000000002
10.78 5.1118920302846106e-14 0.9999999999996553
10.79 4.9814896228170046e-14 1.0000000000000002
10.8 4.8545720358084285e-14 1.0000000000000002
10.81 4.73104195841264e-14 0.9999999999999999
10.82 4.6108049125810014e-14 1.0000000000000002
10.83 4.4937691672773777e-14 0.9999999999999996
10.84 4.379845655388729e-14 0.9999999999999999
10.85 4.268947893246014e-14 0.9999999999999992
10.86 4.1609919026690744e-14 0.9999999999999998
10.87 4.0558961354541086e-14 1.0000000000000004
10.88 3.9535814002236443e-14 0.9999999999999993
10.89 3.853970791563695e-14 1.0
10.9 3.756989621372413e-14 1.0000000000000004
10.91 3.662565352349864e-14 1.0
10.92 3.570627533559469e-14 1.0000000000000002
10.93 3.481107737993634e-14 1.0
10.94 3.393939502079953e-14 0.9999999999999998
10.95 3.309058267064512e-14 1.0
10.96 3.2264013222126466e-14 0.9999999999999994
10.97 3.145907749768062e-14 0.9999999999999996
10.98 3.067518371614901e-14 1.0
10.99 2.991175697586561e-14 0.9999999999999998
11.0 2.916823875370679e-14 0.9999999999999999
11.01 2.844408641956803e-14 1.0
11.02 2.7738772765798788e-14 1.0
11.03 2.7051785551096432e-14 1.0
11.04 2.6382627058415955e-14 1.0000000000000002
11.05 2.57308136664362e-14 0.9999999999999998
11.06 2.5095875434160693e-14 1.0000000000000004
11.07 2.4477355698229837e-14 1.0
11.08 2.3874810682545653e-14 0.9999999999999998
11.09 2.3287809119813132e-14 1.0000000000000002
11.1 2.2715931884628967e-14 0.9999999999999989
11.11 2.215877163774315e-14 1.0
11.12 2.161593248115074e-14 1.0000000000000007
11.13 2.1087029623662934e-14 0.9999999999999996
11.14 2.057168905663117e-14 1.0000000000000002
11.15 2.0069547239508056e-14 1.0000000000000009
11.16 1.95802507949298e-14 1.0
11.17 1.910345621302249e-14 1.0000000000000004
11.18 1.8638829564647722e-14 0.9999999999999998
11.19 1.8186046223302892e-14 0.9999999999999999
11.2 1.7744790595403782e-14 0.9999999999999998
11.21 1.7314755858693075e-14 0.9999999999999999
11.22 1.6895643708517796e-14 0.9999999999999999
11.23 1.6487164111727083e-14 0.9999999999999998
11.24 1.6089035067960185e-14 1.0000000000000002
11.25 1.570098237808938e-14 1.0000000000000002
11.26 1.5322739419594863e-14 1.0
11.27 1.495404692866198e-14 1.0
11.28 1.4594652788784817e-14 1.0000000000000004
11.29 1.4244311825680506e-14 1.0000000000000004
11.3 1.3902785608316414e-14 1.0000000000000002
11.31 1.356984225586144e-14 1.0000000000000002
11.32 1.3245256250379012e-14 1.0000000000000004
11.33 1.2928808255083724e-14 0.9999999999999996
11.34 1.2620284937991473e-14 1.0000000000000004
11.35 1.2319478800797239e-14 0.9999999999999993
11.36 1.2026188012817365e-14 1.0000000000000002
11.37 1.1740216249844845e-14 1.0000000000000004
11.38 1.1461372537761967e-14 0.9999999999999992
11.39 1.1189471100770679e-14 1.0000000000000002
11.4 1.0924331214093346e-14 1.0000000000000007
11.41 1.0665777061010827e-14 1.0000000000000002
11.42 1.0413637594104954e-14 1.0000000000000002
11.43 1.0167746400576505e-14 0.9999999999999998
11.44 9.927941571515037e-15 0.9999999999999998
11.45 9.694065574999355e-15 1.0
11.46 9.46596513291347e-15 0.9999999999999998
11.47 9.243491101365286e-15 0.9999999999999998
11.48 9.026498354596923e-15 0.9999999999999998
11.49 8.814845672282925e-15 0.9999999999999999
11.5 8.60839563011322e-15 1.0000000000000002
11.51 8.407014493560792e-15 0.9999999999999998
11.52 8.210572114738333e-15 1.0
11.53 8.018941832251579e-15 1.0000000000000002
11.54 7.832000373958027e-15 1.0000000000000004
11.55 7.649627762543923e-15 1.0
11.56 7.471707223833734e-15 1.0000000000000004
11.57 7.298125097753316e-15 1.0000000000000004
11.58 7.128770751862637e-15 0.9999999999999996
11.59 6.963536497384561e-15 1.0
11.6 6.8023175076540635e-15 0.9999999999999993
11.61 6.6450117389139625e-15 1.0000000000000002
11.62 6.491519853389975e-15 1.0000000000000007
11.63 6.341745144574063e-15 0.999999999999999
11.64 6.1955934646532936e-15 0.9999999999999999
11.65 6.052973154016367e-15 1.0000000000000009
11.66 5.913794972781322e-15 0.9999999999999999
11.67 5.77797203427955e-15 1.0000000000000004
11.68 5.6454197404402595e-15 0.9999999999999999
11.69 5.516055719019671e-15 1.0000000000005633
11.7 5.3897997626186634e-15 0.9999999999999998
11.71 5.266573769437245e-15 0.9999999999999999
11.72 5.146301685713821e-15 0.9999999999999998
11.73 5.0289094498005e-15 1.0000000000000004
11.74 4.91432493782447e-15 1.0000000000000002
11.75 4.802477910890935e-15 0.9999999999999998
11.76 4.693299963780265e-15 1.0
11.77 4.5867244750973925e-15 1.0
11.78 4.482686558828793e-15 1.0000000000000004
11.79 4.381123017266832e-15 1.0
11.8 4.281972295262867e-15 1.0000000000000002
11.81 4.185174435766702e-15 1.0000000000000002
11.82 4.090671036618446e-15 1.0
11.83 3.99840520855377e-15 0.9999999999999998
11.84 3.908321534388649e-15 1.0000000000000002
11.85 3.820366029348246e-15 0.9999999999999993
11.86 3.7344861025071755e-15 1.0000000000000002
11.87 3.650630519308563e-15 1.0000000000000004
11.88 3.568749365131225e-15 0.9999999999999993
11.89 3.4887940098737047e-15 0.9999999999999998
11.9 3.4107170735260087e-15 1.0000000000000007
11.91 3.334472392700597e-15 1.0000000000000002
11.92 3.2600149880951378e-15 1.0000000000000004
11.93 3.1873010328594864e-15 0.9999999999999998
11.94 3.116287821841162e-15 0.9999999999999996
11.95 3.0469337416842185e-15 1.0000000000000002
11.96 2.9791982417563695e-15 0.9999999999999998
11.97 2.913041805881114e-15 0.9999999999999998
11.98 2.848425924851581e-15 0.9999999999999999
11.99 2.785313069703188e-15 1.0000000000000002
12.0 2.7236666657243267e-15 1.0
12.01 2.6634510671830204e-15 0.9999999999999998
12.02 2.6046315327494433e-15 1.0
12.03 2.5471742015945103e-15 1.0000000000000002
12.040000000000001 2.4910460701452893e-15 1.0
12.05 2.436214969478103e-15 0.9999999999999999
12.06 2.38264954333158e-15 1.0000000000000004
12.07 2.3303192267216267e-15 1.0000000000000004
12.08 2.2791942251419917e-15 1.0
12.09 2.2292454943326045e-15 1.0
12.1 2.1804447206005708e-15 0.9999999999999994
12.11 2.132764301677825e-15 1.0
12.12 2.0861773281002667e-15 1.0000000000000009
12.13 2.0406575650932997e-15 0.9999999999999994
12.14 1.9961794349503973e-15 0.9999999999999998
12.15 1.952717999889664e-15 1.0000000000000007
12.16 1.9102489453754288e-15 0.9999999999999999
12.17 1.8687485638924327e-15 1.0000000000000004
12.18 1.8281937391584033e-15 0.9999999999999998
12.19 1.7885619307640493e-15 0.9999999999999996
12.2 1.7498311592278683e-15 1.0000000000000002
12.21 1.7119799914542164e-15 0.9999999999999998
12.22 1.6749875265832106e-15 0.9999999999999996
12.23 1.638833382222008e-15 1.0000000000000002
12.24 1.6034976810460258e-15 1.0000000000000002
12.25 1.5689610377606315e-15 1.0
12.26 1.5352045464123828e-15 1.0
12.27 1.5022097680409547e-15 1.0
12.28 1.4699587186613783e-15 1.0
12.290000000000001 1.4384338575681912e-15 1.0
12.3 1.4076180759522602e-15 0.9999999999999998
12.31 1.3774946858211277e-15 1.0
12.32 1.3480474092154433e-15 1.0
12.33 1.319260367712406e-15 1.0
12.34 1.2911180722087598e-15 1.0000000000000002
12.35 1.2636054129753677e-15 0.9999999999999996
12.36 1.2367076499762438e-15 1.0000000000000002
12.37 1.2104104034439955e-15 1.0000000000000004
12.38 1.184699644705683e-15 0.9999999999999998
12.39 1.1595616872511851e-15 0.9999999999999998
12.4 1.134983178038009e-15 1.0000000000000004
12.41 1.1109510890259317e-15 1.0
12.42 1.0874527089350392e-15 1.0000000000000002
12.43 1.0644756352211604e-15 0.9999999999999998
12.44 1.0420077662626748e-15 0.9999999999999998
12.45 1.0200372937530815e-15 0.9999999999999999
12.46 9.985526952933061e-16 1.0000000000000002
12.47 9.775427271788417e-16 0.9999999999999999
12.48 9.569964173759964e-16 0.9999999999999999
12.49 9.36903058682241e-16 1.0
12.5 9.172522020655933e-16 1.0000000000000002
12.51 8.980336501783895e-16 0.9999999999999998
12.52 8.792374510402978e-16 1.0000000000000002
12.53 8.608538918864538e-16 1.0000000000000002
12.540000000000001 8.428734931757844e-16 1.0
12.55 8.25287002755621e-16 0.9999999999999998
12.56 8.080853901780104e-16 1.0
12.57 7.912598411638725e-16 1.0000000000000002
12.58 7.748017522108662e-16 0.9999999999999998
12.59 7.587027253411621e-16 1.0000000000000002
12.6 7.429545629853152e-16 0.9999999999999998
12.61 7.275492629986918e-16 1.0000000000000002
12.62 7.124790138066431e-16 1.0000000000000004
12.63 6.977361896751839e-16 0.9999999999999994
12.64 6.833133461038427e-16 1.0
12.65 6.692032153370945e-16 1.0000000000000004
12.66 6.553987019915869e-16 1.0000000000000002
12.67 6.418928787958743e-16 1.0000000000000002
12.68 6.286789824396017e-16 0.9999999999999998
12.69 6.157504095292997e-16 0.9999999999999999
12.7 6.031007126480002e-16 1.0000000000000002
12.71 5.907235965157949e-16 1.0000000000000002
12.72 5.786129142486826e-16 0.9999999999999999
12.73 5.667626637131163e-16 1.0000000000000002
12.74 5.551669839737564e-16 0.9999999999999999
12.75 5.438201518317848e-16 0.9999999999999999
12.76 5.3271657845165e-16 1.0
12.77 5.218508060735603e-16 1.0
12.78 5.112175048098357e-16 1.0000000000000002
12.790000000000001 5.00811469522549e-16 0.9999999999999998
12.8 4.906276167805785e-16 1.0000000000000004
12.81 4.806609818937945e-16 1.0
12.82 4.70906716022515e-16 1.0000000000000004
12.83 4.613600833600379e-16 0.9999999999999999
12.84 4.520164583865453e-16 1.0000000000000002
12.85 4.428713231923855e-16 0.9999999999999994
12.86 4.339202648689151e-16 1.0
12.87 4.251589729651282e-16 1.0000000000000002
12.88 4.165832370084545e-16 0.9999999999999998
12.89 4.0818894408787236e-16 1.0
12.9 3.999720764978448e-16 1.0000000000000002
12.91 3.9192870944142754e-16 0.9999999999999996
12.92 3.8405500879105206e-16 1.0000000000000002
12.93 3.763472289054159e-16 0.999999999999936
12.94 3.6880171050106866e-16 0.9999999999999386
12.95 3.614148785772671e-16 0.9999999999999999
12.96 3.5418324039267576e-16 0.9999999999999996
12.97 3.471033834926287e-16 0.9999999999999999
12.98 3.401719737855796e-16 0.9999999999884641
12.99 3.3338575366754496e-16 0.9999999999999996
13.0 3.2674154019315795e-16 1.0
13.01 3.2023622329231966e-16 1.0
13.02 3.1386676403110467e-16 1.0000000000000004
13.03 3.0763019291584403e-16 1.0000000000000002
13.040000000000001 3.0152360823929264e-16 0.9999999999999999
13.05 2.955441744677952e-16 1.0000000000000004
13.06 2.89689120668294e-16 1.0000000000000002
13.07 2.839557389743279e-16 1.0000000000000004
13.08 2.7834138308987774e-16 1.0
13.09 2.728434668301403e-16 1.0000000000000002
13.1 2.6745946269831003e-16 1.0
13.11 2.6218690049738843e-16 1.0
13.12 2.5702336597616367e-16 1.0000000000000002
13.13 2.5196649950848934e-16 0.9999999999999999
13.14 2.470139948049985e-16 1.0000000000000004
13.15 2.4216359765641393e-16 1.0000000000000004
13.16 2.3741310470767776e-16 1.0
13.17 2.3276036226210247e-16 1.0
13.18 2.2820326511477393e-16 1.0
13.19 2.237397554144609e-16 1.0000000000000002
13.2 2.1936782155334031e-16 1.0
13.21 2.1508549708378888e-16 0.9999999999999998
13.22 2.1089085966155294e-16 0.9999999999999999
13.23 2.0678203001471673e-16 0.9999999999999998
13.24 2.0275717093765083e-16 1.0000000000000002
13.25 1.988144863095232e-16 1.0
13.26 1.9495222013653224e-16 1.0
13.27 1.9116865561743808e-16 0.9999999999999999
13.28 1.8746211423172292e-16 1.0000000000000002
13.290000000000001 1.8383095484979055e-16 0.9999999999999999
13.3 1.8027357286473503e-16 1.0000000000000002
13.31 1.7678839934505893e-16 1.0000000000000002
13.32 1.7337390020783478e-16 1.0
13.33 1.7002857541183978e-16 0.9999999999999999
13.34 1.6675095817009676e-16 1.0000000000000004
13.35 1.6353961418137275e-16 1.0
13.36 1.6039314088017057e-16 1.0000000000000002
13.37 1.5731016670474903e-16 1.0000000000000002
13.38 1.5428935038265612e-16 1.0000000000000002
13.39 1.5132938023346595e-16 1.0000000000000002
13.4 1.484289734881591e-16 1.0
13.41 1.4558687562482119e-16 1.0000000000000002
13.42 1.428018597202208e-16 1.0
13.43 1.4007272581686656e-16 0.9999999999999999
13.44 1.3739830030518197e-16 1.0000000000000002
13.45 1.3477743532039109e-16 0.9999999999999999
13.46 1.3220900815378698e-16 1.0
13.47 1.2969192067800304e-16 1.0000000000000002
13.48 1.272250987859467e-16 0.9999999999999999
13.49 1.2480749184305817e-16 1.0
13.5 1.2243807215256443e-16 1.0000000000000002
13.51 1.201158344334261e-16 1.0000000000000002
13.52 1.178397953106158e-16 1.0000000000000002
13.53 1.156089928174941e-16 1.0
13.540000000000001 1.1342248590992366e-16 1.0
13.55 1.1127935399186628e-16 1.0000000000000002
13.56 1.091786964521842e-16 1.0000000000000002
13.57 1.0711963221233394e-16 1.0
13.58 1.0510129928474128e-16 1.0
13.59 1.0312285434154366e-16 1.0
13.6 1.0118347229349324e-16 1.0000000000000002
13.61 9.928234587872303e-17 1.0
13.62 9.741868526118539e-17 0.9999999999999998
13.63 9.55917176384862e-17 1.0000000000000002
13.64 9.380068685891667e-17 0.9999999999999998
13.65 9.204485304743163e-17 1.0000000000000002
13.66 9.0323492240381e-17 1.0000000000000004
13.67 8.863589602877234e-17 1.0
13.68 8.698137120984512e-17 1.0000000000000002
13.69 8.535923944678614e-17 0.9999999999999999
13.7 8.376883693634265e-17 1.0000000000000002
13.71 8.220951408419862e-17 1.0
13.72 8.068063518787927e-17 1.0000000000000002
13.73 7.918157812701691e-17 0.9999999999999999
13.74 7.77117340608215e-17 1.0000000000000002
13.75 7.627050713254147e-17 1.0
13.76 7.485731418079046e-17 1.0
13.77 7.347158445753556e-17 1.0
13.78 7.211275935261983e-17 0.9999999999999999
13.790000000000001 7.07802921246324e-17 0.9999999999999999
13.8 6.94736476380003e-17 1.0000000000000002
13.81 6.819230210613931e-17 1.0
13.82 6.693574284051261e-17 0.9999999999999999
13.83 6.57034680054752e-17 1.0
13.84 6.449498637874462e-17 0.9999999999999999
13.85 6.330981711737919e-17 1.0
13.86 6.214748952912263e-17 0.9999999999999999
13.87 6.100754284899607e-17 0.9999999999999999
13.88 5.988952602100616e-17 1.0000000000000002
13.89 5.879299748483953e-17 1.0
13.9 5.77175249674481e-17 1.0
13.91 5.666268527938573e-17 0.9999999999999999
13.92 5.562806411579812e-17 1.0
13.93 5.461325586194659e-17 1.0
13.94 5.3617863403166807e-17 1.0000000000000004
13.95 5.264149793914435e-17 1.0000000000000002
13.96 5.168377880242312e-17 1.0000000000000002
13.97 5.074433328103703e-17 1.0000000000000002
13.98 4.9822796445152956e-17 1.0000000000000002
13.99 4.8918810977667244e-17 0.9999999999999998
14.0 4.803202700862029e-17 0.9999999999999998
14.01 4.7162101953372896e-17 1.0
14.02 4.630870035443257e-17 0.9999999999999999
14.03 4.547149372686788e-17 0.9999999999999999
14.040000000000001 4.465016040719386e-17 1.0000000000000002
14.05 4.3844385405680965e-17 0.9999999999999999
14.06 4.3053860261984805e-17 1.0
14.07 4.2278282904030016e-17 0.9999999999999999
14.08 4.151735751006489e-17 1.0000000000000002
14.09 4.07707943738186e-17 0.9999999999999998
14.1 4.0038309772685036e-17 1.0000000000000004
14.11 3.9319625838867356e-17 1.0
14.12 3.861447043340208e-17 1.0
14.13 3.7922577023014656e-17 1.0
14.14 3.724368455972172e-17 1.0
14.15 3.657753736313104e-17 0.9999999999999996
14.16 3.592388500536607e-17 1.0000000000000002
14.17 3.5282482198558567e-17 1.0000000000000002
14.18 3.4653088684850626e-17 1.0000000000000002
14.19 3.403546912884787e-17 1.0000000000000002
14.2 3.3429393012462804e-17 1.0000000000000004
14.21 3.28346345320997e-17 1.0000000000000002
14.22 3.225097249811998e-17 1.0
14.23 3.167819023654129e-17 1.0
14.24 3.1116075492917566e-17 0.9999999999999998
14.25 3.056442033834356e-17 1.0
14.26 3.002302107754753e-17 1.0000000000000002
14.27 2.9491678159007966e-17 1.0
14.28 2.897019608706487e-17 0.9999999999999998
14.290000000000001 2.845838333596541e-17 1.0000000000000002
14.3 2.795605226580741e-17 1.0
14.31 2.746301904033655e-17 1.0
14.32 2.6979103546550854e-17 0.9999999999999996
14.33 2.6504129316076218e-17 1.0000000000000004
14.34 2.6037923448271382e-17 0.9999999999999998
14.35 2.558031653501349e-17 1.0000000000000002
14.36 2.513114258714793e-17 0.9999999999999998
14.37 2.4690238962535953e-17 0.9999999999999998
14.38 2.4257446295687135e-17 1.0000000000000004
14.39 2.3832608428931808e-17 1.0000000000000002
14.4 2.3415572345090517e-17 0.9999999999999999
14.41 2.3006188101626707e-17 1.0
14.42 2.2604308766222802e-17 0.9999999999999999
14.43 2.2209790353774557e-17 1.0000000000000004
14.44 2.182249176474649e-17 1.0
14.45 2.1442274724876954e-17 1.0000000000000004
14.46 2.1069003726192976e-17 1.0000000000000002
14.47 2.070254596930455e-17 1.0000000000000002
14.48 2.0342771306954458e-17 1.0000000000000002
14.49 1.9989552188790924e-17 1.0
14.5 1.9642763607338513e-17 1.0
14.51 1.9302283045139145e-17 1.0000000000000002
14.52 1.8967990423035897e-17 0.9999999999999998
14.53 1.8639768049573935e-17 1.0
14.540000000000001 1.831750057149902e-17 1.0000000000000002
14.55 1.8001074925317472e-17 0.9999999999999987
14.56 1.769038028990629e-17 0.9999999999999992
14.57 1.7385308040140887e-17 0.9999999999999983
14.58 1.7085751701523282e-17 0.9999999999999989
14.59 1.6791606905783098e-17 0.9999999999999983
14.6 1.6502771347437788e-17 0.999999999999999
14.61 1.621914474127795e-17 0.9999999999999983
14.62 1.5940628780771995e-17 0.9999999999999979
14.63 1.566712709735855e-17 0.9999999999999988
14.64 1.5398545220610377e-17 0.9999999999999983
14.65 1.513479053925211e-17 0.9999999999999978
14.66 1.487577226301004e-17 1.0000000000000004
14.67 1.4621401385278464e-17 0.9999999999999998
14.68 1.437159064658074e-17 1.0000000000000007
14.69 1.4126254498811254e-17 1.0
14.7 1.3885309070237554e-17 1.0
14.71 1.3648672131248439e-17 1.0000000000000004
14.72 1.3416263060831421e-17 1.0000000000000002
14.73 1.3188002813758893e-17 1.0000000000000002
14.74 1.2963813888477271e-17 1.0000000000000002
14.75 1.2743620295670146e-17 1.0
14.76 1.2527347527493689e-17 1.0
14.77 1.23149225274593e-17 0.9999999999999994
14.78 1.2106273660956897e-17 1.0000000000000002
14.790000000000001 1.1901330686399643e-17 0.9999999999999999
14.8 1.1700024726977088e-17 0.9999999999999998
14.81 1.150228824300779e-17 1.0
14.82 1.1308055004871696e-17 0.9999999999999996
14.83 1.1117260066514865e-17 1.0
14.84 1.0929839739510948e-17 0.9999999999999999
14.85 1.0745731567668916e-17 1.0000000000000004
14.86 1.056487430217379e-17 1.0
14.87 1.0387207877250806e-17 0.9999999999999994
14.88 1.0212673386337743e-17 1.0000000000000002
14.89 1.004121305875984e-17 1.0
14.9 9.872770236889796e-18 0.9999999999999998
14.91 9.707289353789624e-18 1.0000000000000002
14.92 9.54471591131677e-18 0.9999999999999998
14.93 9.384996458689427e-18 1.0000000000000002
14.94 9.228078571499158e-18 1.0000000000000002
14.95 9.073910831160225e-18 1.0000000000000002
14.96 8.922442804788994e-18 1.0000000000000004
14.97 8.773625025500974e-18 0.9999999999999998
14.98 8.627408973117925e-18 1.0000000000000004
14.99 8.483747055276262e-18 0.9999999999999994
15.0 8.342592588929093e-18 1.0000000000000002
15.01 8.203899782229237e-18 1.0000000000000002
15.02 8.067623716791517e-18 0.9999999999999993
15.03 7.933720330318757e-18 0.9999999999999998
15.040000000000001 7.802146399591762e-18 1.0
15.05 7.672859523807244e-18 0.9999999999999998
15.06 7.545818108262153e-18 0.9999999999999998
15.07 7.420981348374977e-18 0.999999999999999
15.08 7.298309214036187e-18 0.9999999999999999
15.09 7.177762434281122e-18 0.9999999999999994
15.1 7.059302482279072e-18 1.0
15.11 6.94289156063213e-18 0.9999999999999996
15.12 6.828492586974046e-18 0.9999999999999992
15.13 6.7160691798676055e-18 0.9999999999999999
15.14 6.605585644990054e-18 0.9999999999999994
15.15 6.4970069616023825e-18 0.9999999999999992
15.16 6.390298769295369e-18 0.9999999999999998
15.17 6.285427355008609e-18 0.9999999999999996
15.18 6.182359640313143e-18 1.0000000000000002
15.19 6.081063168956308e-18 0.9999999999999998
15.2 5.981506094658612e-18 0.9999999999999999
15.21 5.883657169162388e-18 1.0
15.22 5.787485730521778e-18 0.9999999999999998
15.23 5.692961691633274e-18 0.9999999999999998
15.24 5.6000555289987974e-18 0.9999999999999992
15.25 5.508738271717329e-18 0.9999999999999993
15.26 5.4189814907011465e-18 0.9999999999999994
15.27 5.330757288110901e-18 0.999999999999999
15.28 5.244038287004028e-18 0.9999999999999989
15.290000000000001 5.158797621194901e-18 0.9999999999999994
15.3 5.075008925318841e-18 0.9999999999999989
15.31 4.9926463250986215e-18 0.9999999999999987
15.32 4.91168442780703e-18 0.9999999999999988
15.33 4.8320983129225614e-18 0.9999999999999992
15.34 4.753863522973799e-18 0.9999999999999989
15.35 4.676956054568686e-18 0.9999999999999996
15.36 4.601352349604247e-18 0.9999999999999992
15.37 4.527029286654473e-18 0.9999999999999987
15.38 4.453964172530443e-18 0.9999999999999998
15.39 4.382134734010888e-18 0.9999999999999989
15.4 4.311519109738708e-18 0.9999999999999987
15.41 4.2420958422803964e-18 0.9999999999999996
15.42 4.173843870344965e-18 0.9999999999999989
15.43 4.106742521158566e-18 0.9999999999999998
15.44 4.04077150299209e-18 0.9999999999999992
15.45 3.975910897838321e-18 0.9999999999999992
15.46 3.91214115423549e-18 0.9999999999999998
15.47 3.849443080234805e-18 0.9999999999999994
15.48 3.787797836507409e-18 0.9999999999999993
15.49 3.727186929590091e-18 0.9999999999999988
15.5 3.667592205264525e-18 0.9999999999999989
15.51 3.608995842069433e-18 0.9999999999999989
15.52 3.551380344941247e-18 0.9999999999999989
15.53 3.494728538981646e-18 0.9999999999999989
15.540000000000001 3.4390235633487305e-18 0.9999999999999993
15.55 3.384248865269488e-18 0.9999999999999987
15.56 3.3303881941714443e-18 0.9999999999999992
15.57 3.277425595930453e-18 0.9999999999999987
15.58 3.225345407232123e-18 1.0
15.59 3.174132250045795e-18 0.9999999999999998
15.6 3.1237710262064248e-18 1.0000000000000007
15.61 3.0742469121052157e-18 1.0
15.620000000000001 3.0255453534836776e-18 0.9999999999999998
15.63 2.9776520603314853e-18 1.0000000000000004
15.64 2.930553001884052e-18 1.0000000000000002
15.65 2.884234401719406e-18 0.9999999999999994
15.66 2.838682732951283e-18 1.0000000000000002
15.67 2.7938847135167073e-18 1.0000000000000002
15.68 2.749827301556179e-18 1.0000000000000009
15.69 2.7064976908851467e-18 1.0000000000000004
15.7 2.663883306553536e-18 1.0000000000000004
15.71 2.6219718004929203e-18 1.0000000000000004
15.72 2.5807510472488453e-18 1.0000000000000002
15.73 2.5402091397965682e-18 1.0000000000000002
15.74 2.5003343854388605e-18 0.9999999999999996
15.75 2.4611153017841384e-18 1.0000000000000002
15.76 2.422540612802592e-18 1.0000000000000004
15.77 2.384599244959725e-18 0.9999999999999999
15.78 2.3472803234255474e-18 1.0
15.790000000000001 2.3105731683569352e-18 1.0000000000000002
15.8 2.2744672912528955e-18 1.0
15.81 2.238952391380756e-18 1.0
15.82 2.2040183522715465e-18 0.9999999999999994
15.83 2.169655238283649e-18 1.0000000000000004
15.84 2.1358532912333046e-18 0.9999999999999998
15.85 2.1026029270899376e-18 1.0000000000000004
15.86 2.0698947327362994e-18 1.0
15.870000000000001 2.037719462790658e-18 0.9999999999999999
15.88 2.0060680364909616e-18 1.0000000000000004
15.89 1.9749315346390212e-18 1.0
15.9 1.944301196603758e-18 0.9999999999999998
15.91 1.9141684173822956e-18 1.0000000000000002
15.92 1.8845247447178634e-18 0.9999999999999999
15.93 1.8553618762732385e-18 1.0000000000000009
15.94 1.8266716568583956e-18 1.0
15.95 1.7984460757119483e-18 1.0000000000000002
15.96 1.770677263834375e-18 1.0000000000000007
15.97 1.7433574913728984e-18 1.0000000000000004
15.98 1.7164791650564247e-18 1.0000000000000002
15.99 1.6900348256796658e-18 0.9999999999999998
16.0 1.6640171456354185e-18 0.9999999999999999
16.01 1.6384189264945508e-18 1.0000000000000002
16.020000000000003 1.6132330966317021e-18 1.0000000000000009
16.03 1.588452708896849e-18 1.0000000000000002
16.040000000000003 1.5640709383311771e-18 1.0000000000000002
16.05 1.5400810799267185e-18 0.9999999999999998
16.060000000000002 1.5164765464285211e-18 1.0000000000000002
16.07 1.4932508661790628e-18 0.9999999999999998
16.080000000000002 1.4703976810033129e-18 0.9999999999999998
16.090000000000003 1.4479107441345006e-18 1.0
16.1 1.4257839181791523e-18 0.9999999999999994
16.110000000000003 1.4040111731206113e-18 0.9999999999999998
16.12 1.382586584360925e-18 0.9999999999999998
16.130000000000003 1.3615043307995596e-18 0.9999999999999996
16.14 1.3407586929486822e-18 1.0000000000000002
16.150000000000002 1.3203440510841608e-18 0.9999999999999998
16.16 1.3002548834315697e-18 1.0000000000000002
16.17 1.2804857643865425e-18 1.0000000000000002
16.180000000000003 1.2610313627688106e-18 0.9999999999999998
16.19 1.2418864401091454e-18 1.0000000000000002
16.200000000000003 1.2230458489686822e-18 0.9999999999999999
16.21 1.2045045312900372e-18 1.0000000000000004
16.220000000000002 1.1862575167793391e-18 1.0000000000000002
16.23 1.1682999213190747e-18 1.0000000000000002
16.240000000000002 1.1506269454103067e-18 1.0000000000000004
16.250000000000004 1.1332338726447203e-18 1.0000000000000007
16.26 1.1161160682049453e-18 1.0000000000000002
16.270000000000003 1.0992689773934344e-18 1.0000000000000009
16.28 1.082688124188647e-18 1.0
16.290000000000003 1.0663691098285113e-18 1.0000000000000002
16.3 1.0503076114202484e-18 0.9999999999999998
16.310000000000002 1.034499380576531e-18 1.0000000000000002
16.32 1.0189402420767458e-18 0.9999999999999998
16.330000000000002 1.0036260925536587e-18 0.9999999999999998
16.340000000000003 9.88552899204465e-19 1.0
16.35 9.737166985258468e-19 0.9999999999999994
16.360000000000003 9.591135950727247e-19 0.9999999999999998
16.37 9.447397602401508e-19 0.9999999999999998
16.380000000000003 9.305914310678484e-19 0.9999999999999993
16.39 9.16664909066981e-19 1.0
16.400000000000002 9.02956559068873e-19 0.9999999999999999
16.41 8.894628080949667e-19 1.0
16.42 8.761801442478506e-19 1.0000000000000002
16.430000000000003 8.631051156228656e-19 1.0
16.44 8.502343292399657e-19 1.0000000000000004
16.450000000000003 8.375644499951661e-19 0.9999999999999998
16.46 8.250921996316464e-19 1.0000000000000002
16.470000000000002 8.128143557297565e-19 1.0000000000000002
16.48 8.007277507157086e-19 1.0000000000000002
16.490000000000002 7.888292708886796e-19 1.0000000000000004
16.500000000000004 7.771158554656935e-19 1.0
16.51 7.655844956443497e-19 1.0
16.520000000000003 7.542322336826377e-19 1.0000000000000004
16.53 7.430561619958369e-19 0.9999999999999999
16.540000000000003 7.320534222699224e-19 1.0000000000000002
16.55 7.212212045914242e-19 0.9999999999999998
16.560000000000002 7.105567465932066e-19 1.0000000000000002
16.57 7.000573326158053e-19 0.9999999999999992
16.580000000000002 6.897202928844809e-19 0.9999999999999998
16.590000000000003 6.795430027010148e-19 1.0000000000000002
16.6 6.695228816505449e-19 0.9999999999999993
16.610000000000003 6.596573928228807e-19 1.0
16.62 6.499440420479877e-19 0.9999999999999994
16.630000000000003 6.4038037714554925e-19 0.9999999999999996
16.64 6.309639871882405e-19 1.0
16.650000000000002 6.216925017783287e-19 0.9999999999999996
16.66 6.125635903376516e-19 1.0000000000000002
16.67 6.035749614104307e-19 0.9999999999999998
16.680000000000003 5.947243619787896e-19 0.9999999999999999
16.69 5.860095767908263e-19 1.0000000000000002
16.700000000000003 5.774284277007532e-19 0.9999999999999998
16.71 5.689787730211948e-19 1.0000000000000002
16.720000000000002 5.606585068871595e-19 0.9999999999999999
16.73 5.52465558631617e-19 1.0000000000000002
16.740000000000002 5.443978921722826e-19 1.0000000000000004
16.750000000000004 5.364535054097249e-19 1.0000000000000002
16.76 5.286304296361541e-19 1.0000000000000004
16.770000000000003 5.209267289550531e-19 1.0000000000000004
16.78 5.133404997113461e-19 1.0000000000000002
16.790000000000003 5.058698699316103e-19 1.0
16.8 4.985129987747859e-19 0.9999999999999998
16.810000000000002 4.912680759924419e-19 1.0000000000000002
16.82 4.841333213990089e-19 0.9999999999999999
16.830000000000002 4.771069843514597e-19 1.0000000000000004
16.840000000000003 4.701873432383909e-19 1.0000000000000002
16.85 4.633727049782633e-19 0.9999999999999998
16.860000000000003 4.566614045267357e-19 0.9999999999999996
16.87 4.50051804392795e-19 1.0000000000000002
16.880000000000003 4.435422941635746e-19 0.9999999999999998
16.89 4.371312900377763e-19 1.0
16.900000000000002 4.3081723436733195e-19 1.0000000000000007
16.91 4.245985952074248e-19 1.0000000000000002
16.92 4.1847386587440285e-19 1.0000000000000002
16.930000000000003 4.1244156451179406e-19 0.9999999999999998
16.94 4.0650023366393185e-19 1.0000000000000004
16.950000000000003 4.006484398572228e-19 1.0000000000000002
16.96 3.9488477318899603e-19 1.0
16.970000000000002 3.892078469235551e-19 1.0000000000000004
16.98 3.836162970954917e-19 1.0000000000000002
16.990000000000002 3.7810878212010634e-19 1.0000000000000004
17.000000000000004 3.726839824107041e-19 1.0000000000000004
17.01 3.6734060000268317e-19 1.0000000000000002
17.020000000000003 3.6207735818443487e-19 1.0000000000000009
17.03 3.5689300113461483e-19 1.0000000000000004
17.040000000000003 3.517862935660503e-19 1.0000000000000002
17.05 3.467560203757677e-19 1.0
17.060000000000002 3.4180098630141562e-19 1.0000000000000002
17.07 3.369200155836311e-19 1.0
17.080000000000002 3.3211195163445533e-19 1.0
17.090000000000003 3.2737565671160465e-19 0.9999999999999999
17.1 3.2271001159850046e-19 0.9999999999999999
17.110000000000003 3.1811391528990726e-19 1.0000000000000002
17.12 3.135862846832117e-19 1.0
17.130000000000003 3.091260542750627e-19 0.9999999999999998
17.14 3.047321758634185e-19 1.0
17.150000000000002 3.0040361825478303e-19 1.0
17.160000000000004 2.9613936697668847e-19 0.9999999999999998
17.17 2.919384239951275e-19 0.9999999999998597
17.180000000000003 2.877998074370289e-19 1.0
17.19 2.837225513175909e-19 1.0000000000000002
17.200000000000003 2.7970570527238245e-19 1.0
17.21 2.7574833429416507e-19 1.0000000000000004
17.220000000000002 2.718495184743443e-19 1.0000000000000002
17.23 2.680083527488958e-19 1.0000000000000002
17.240000000000002 2.6422394664877075e-19 1.0000000000000002
17.250000000000004 2.6049542405471453e-19 1.0000000000000002
17.26 2.5682192295628483e-19 1.0000000000000004
17.270000000000003 2.5320259521513807e-19 1.0000000000000004
17.28 2.4963660633243843e-19 1.0000000000000002
17.290000000000003 2.4612313522030596e-19 1.0
17.3 2.4266137397727814e-19 1.0
17.310000000000002 2.3925052766765723e-19 1.0000000000000002
17.32 2.358898141047116e-19 1.0
17.330000000000002 2.3257846363765024e-19 0.9999999999999999
17.340000000000003 2.293157189423029e-19 1.0000000000000002
17.35 2.2610083481542886e-19 0.9999999999999999
17.360000000000003 2.229330779725903e-19 0.9999999999999998
17.37 2.1981172684955913e-19 1.0000000000000002
17.380000000000003 2.167360714071368e-19 1.0
17.39 2.137054129393887e-19 1.0
17.400000000000002 2.1071906388515039e-19 1.0
17.410000000000004 2.0777634764286128e-19 0.9999999999999998
17.42 2.0487659838852396e-19 1.0
17.430000000000003 2.020191608968813e-19 1.0000000000000002
17.44 1.9920339036563005e-19 1.0000000000000002
17.450000000000003 1.9642865224269283e-19 1.0
17.46 1.9369432205646148e-19 1.0000000000000002
17.470000000000002 1.9099978524894686e-19 1.0000000000000004
17.48 1.883444370118612e-19 1.0000000000000002
17.490000000000002 1.8572768212544074e-19 1.0000000000000002
17.500000000000004 1.8314893480009317e-19 1.0000000000000002
17.51 1.806076185207521e-19 1.0000000000000004
17.520000000000003 1.7810316589391144e-19 1.0000000000000004
17.53 1.756350184972714e-19 1.0000000000000002
17.540000000000003 1.732026267319573e-19 1.0
17.55 1.7080544967731367e-19 1.0
17.560000000000002 1.6844295494811326e-19 1.0
17.57 1.6611461855429093e-19 1.0
17.580000000000002 1.6381992476300952e-19 1.0000000000000002
17.590000000000003 1.6155836596312359e-19 1.0000000000000002
17.6 1.5932944253193272e-19 0.9999999999999999
17.610000000000003 1.571326627042228e-19 0.9999999999999998
17.62 1.5496754244356127e-19 0.9999999999999996
17.630000000000003 1.5283360531572288e-19 1.0
17.64 1.507303823643402e-19 0.9999999999999998
17.650000000000002 1.4865741198864547e-19 1.0000000000000002
17.660000000000004 1.4661423982326184e-19 0.9999999999999999
17.67 1.4460041862009105e-19 1.0000000000000004
17.680000000000003 1.4261550813217425e-19 0.9999999999999999
17.69 1.4065907499952295e-19 1.0000000000000004
17.700000000000003 1.3873069263690046e-19 0.9999999999999996
17.71 1.3682994112350694e-19 1.0000000000000004
17.720000000000002 1.349564070945181e-19 0.9999999999999998
17.73 1.3310968363446666e-19 0.9999999999999996
17.740000000000002 1.3128937017244136e-19 1.0
17.750000000000004 1.294950723790342e-19 1.0000000000000004
17.76 1.2772640206505126e-19 1.0000000000000004
17.770000000000003 1.2598297708191102e-19 1.0000000000000004
17.78 1.2426442122374753e-19 1.0
17.790000000000003 1.225703641311455e-19 0.9999999999999998
17.8 1.2090044119650352e-19 0.9999999999999994
17.810000000000002 1.192542934709919e-19 1.0000000000000002
17.82 1.176315675730839e-19 1.0000000000000002
17.830000000000002 1.160319155986046e-19 1.0000000000000004
17.840000000000003 1.144549950323138e-19 1.0000000000000002
17.85 1.1290046866095593e-19 0.9999999999999998
17.860000000000003 1.113680044877834e-19 0.9999999999999996
17.87 1.0985727564850835e-19 1.0000000000000002
17.880000000000003 1.0836796032865654e-19 1.0000000000000002
17.89 1.0689974168231164e-19 0.9999999999999994
17.900000000000002 1.0545230775222811e-19 1.0000000000000004
17.910000000000004 1.0402535139125524e-19 0.9999999999999998
17.92 1.0261857018510789e-19 1.0000000000000004
17.930000000000003 1.0123166637640465e-19 0.9999999999999994
17.94 9.986434678996542e-20 1.0
17.950000000000003 9.851632275939829e-20 0.9999999999999994
17.96 9.718731005485518e-20 1.0000000000000004
17.970000000000002 9.587702881203008e-20 0.9999999999999994
17.98 9.458520346233083e-20 0.9999999999999993
17.990000000000002 9.331156266419753e-20 0.9999999999999994
18.000000000000004 9.205583923558037e-20 1.0000000000000002
18.01 9.081777008754129e-20 1.0
18.020000000000003 8.959709615893401e-20 0.9999999999999998
18.03 8.839356235220194e-20 1.0
18.040000000000003 8.7206917470212e-20 0.9999999999999998
18.05 8.60369141541511e-20 0.9999999999999998
18.060000000000002 8.488330882244679e-20 0.9999999999999996
18.07 8.374586161070103e-20 0.9999999999999993
18.080000000000002 8.262433631261325e-20 0.9999999999999993
18.090000000000003 8.151850032188289e-20 0.9999999999999998
18.1 8.042812457507195e-20 0.9999999999999999
18.110000000000003 7.93529834954123e-20 1.0000000000000002
18.12 7.829285493752896e-20 1.0
18.130000000000003 7.724752013309577e-20 1.0
18.14 7.621676363736656e-20 0.9999999999999996
18.150000000000002 7.520037327659941e-20 1.0
18.160000000000004 7.419814009633292e-20 1.0000000000000002
18.17 7.320985831053344e-20 1.0000000000000002
18.180000000000003 7.223532525155168e-20 0.9999999999999994
18.19 7.127434132093051e-20 1.0
18.200000000000003 7.032670994099002e-20 1.0
18.21 6.939223750723504e-20 1.0000000000000002
18.220000000000002 6.847073334151821e-20 0.9999999999999999
18.23 6.756200964598952e-20 0.9999999999999998
18.240000000000002 6.666588145778612e-20 1.0000000000000002
18.250000000000004 6.578216660447105e-20 1.0000000000000004
18.26 6.491068566020146e-20 0.9999999999999999
18.270000000000003 6.405126190259956e-20 1.0
18.28 6.32037212703541e-20 1.0000000000000002
18.290000000000003 6.236789232147741e-20 0.9999999999999999
18.3 6.154360619228443e-20 0.9999999999999996
18.310000000000002 6.073069655700173e-20 1.0000000000000002
18.32 5.99289995880601e-20 1.0000000000000002
18.330000000000002 5.913835391702422e-20 0.9999999999999999
18.340000000000003 5.835860059615751e-20 0.9999999999999998
18.35 5.758958306061417e-20 1.0
18.360000000000003 5.68311470912404e-20 0.9999999999999998
18.37 5.608314077798565e-20 1.0
18.380000000000003 5.534541448390423e-20 1.0
18.39 5.461782080974454e-20 1.0
18.400000000000002 5.390021455910114e-20 1.0
18.410000000000004 5.3192452704144576e-20 1.0000000000000002
18.42 5.2494394351899996e-20 1.0000000000000002
18.430000000000003 5.180590071106539e-20 0.9999999999999992
18.44 5.112683505937758e-20 0.9999999999999998
18.450000000000003 5.0457062711497775e-20 0.9999999999999999
18.46 4.979645098741516e-20 0.9999999999999999
18.470000000000002 4.9144869181360626e-20 1.0000000000000004
18.48 4.8502188531229126e-20 0.9999999999999999
18.490000000000002 4.786828218848215e-20 1.0000000000000004
18.500000000000004 4.724302518854288e-20 1.0000000000000004
18.51 4.6626294421670053e-20 1.0000000000000009
18.520000000000003 4.601796860428743e-20 1.0000000000000002
18.53 4.5417928250792824e-20 0.9999999999999999
18.540000000000003 4.4826055645799086e-20 0.9999999999999994
18.55 4.4242234816840065e-20 0.9999999999999998
18.560000000000002 4.3666351507500005e-20 1.0
18.57 4.309829315098033e-20 1.0000000000000004
18.580000000000002 4.253794884408863e-20 1.0000000000000002
18.590000000000003 4.1985209321643557e-20 1.0
18.6 4.14399669312909e-20 0.9999999999999996
18.610000000000003 4.090211560871782e-20 0.9999999999999994
18.62 4.037155085327004e-20 0.9999999999999998
18.630000000000003 3.984816970395153e-20 1.0000000000000002
18.64 3.933187071581204e-20 0.9999999999999993
18.650000000000002 3.88225539367103e-20 1.0000000000000002
18.660000000000004 3.8320120884442733e-20 0.9999999999999998
18.67 3.782447452424345e-20 1.0000000000000009
18.680000000000003 3.7335519246640945e-20 0.9999999999999998
18.69 3.6853160845662136e-20 1.0000000000000004
18.700000000000003 3.6377306497386783e-20 0.9999999999999993
18.71 3.590786473884447e-20 1.0000000000000002
18.720000000000002 3.5444745447241954e-20 0.9999999999999996
18.73 3.498785981952478e-20 0.9999999999999998
18.740000000000002 3.4537120352257066e-20 0.9999999999999999
18.750000000000004 3.409244082182901e-20 1.0000000000000002
18.76 3.3653736264969e-20 1.0000000000000004
18.770000000000003 3.3220922959568893e-20 1.0000000000000002
18.78 3.279391840581156e-20 1.0
18.790000000000003 3.237264130759983e-20 0.9999999999999998
18.8 3.1957011554270506e-20 0.9999999999999994
18.810000000000002 3.154695020260737e-20 1.0
18.82 3.114237945913048e-20 1.0000000000000002
18.830000000000002 3.074322266266979e-20 1.0000000000000002
18.840000000000003 3.034940426720955e-20 1.0
18.85 2.9960849825004757e-20 0.9999999999999998
18.860000000000003 2.9577485969963335e-20 0.9999999999999998
18.87 2.9199240401291016e-20 0.9999999999999998
18.880000000000003 2.8826041867388505e-20 1.0000000000000002
18.89 2.8457820150009096e-20 0.9999999999999994
18.900000000000002 2.8094506048658965e-20 1.0000000000000002
18.910000000000004 2.773603136524338e-20 0.9999999999999994
18.92 2.738232888895615e-20 1.0000000000000004
18.930000000000003 2.7033332381406156e-20 0.9999999999999998
18.94 2.6688976561969812e-20 1.0000000000000002
18.950000000000003 2.6349197093383596e-20 0.9999999999999992
18.96 2.6013930567555728e-20 1.0000000000000004
18.970000000000002 2.5683114491595082e-20 0.9999999999999998
18.98 2.5356687274072835e-20 0.9999999999999996
18.990000000000002 2.5034588211480522e-20 0.9999999999999998
19.000000000000004 2.471675747491704e-20 1.0000000000000002
19.01 2.440313609696636e-20 1.0000000000000002
19.020000000000003 2.4093665958795756e-20 1.0
19.03 2.3788289777443315e-20 1.0000000000000002
19.040000000000003 2.3486951093307402e-20 1.0000000000000002
19.05 2.3189594257834372e-20 1.0000000000000004
19.060000000000002 2.289616442138986e-20 1.0000000000000004
19.07 2.2606607521327387e-20 1.0000000000000002
19.080000000000002 2.2320870270233346e-20 1.0000000000000002
19.090000000000003 2.2038900144362982e-20 1.0000000000000004
19.1 2.1760645372249865e-20 1.0000000000000062
19.110000000000003 2.1486054923493605e-20 1.0000000000000067
19.12 2.1215078497722522e-20 1.0000000000000073
19.130000000000003 2.0947666513725276e-20 1.0000000000000069
19.14 2.068377009875267e-20 1.0000000000000069
19.150000000000002 2.0423341077982222e-20 1.0000000000000002
19.160000000000004 2.0166331964149402e-20 1.0000000000000002
19.17 1.9912695947335582e-20 0.9999999999999999
19.180000000000003 1.9662386884913386e-20 0.9999999999999999
19.19 1.941535929165243e-20 1.0000000000000002
19.200000000000003 1.91715683299695e-20 0.9999999999999999
19.21 1.8930969800337253e-20 1.0000000000000002
19.220000000000002 1.869352013183439e-20 1.0
19.23 1.8459176372843567e-20 1.0000000000000002
19.240000000000002 1.8227896181893324e-20 1.0000000000000002
19.250000000000004 1.7999637818639938e-20 0.9999999999999999
19.26 1.7774360134986193e-20 0.9999999999999999
19.270000000000003 1.7552022566339887e-20 1.0
19.28 1.7332585123004848e-20 1.0
19.290000000000003 1.711600838170102e-20 0.9999999999999998
19.3 1.6902253477220594e-20 0.9999999999999999
19.310000000000002 1.669128209420605e-20 1.0
19.32 1.648305645906001e-20 1.0
19.330000000000002 1.6277539331970474e-20 1.0
19.340000000000003 1.6074693999068358e-20 1.0000000000000002
19.35 1.587448426469569e-20 1.0000000000000002
19.360000000000003 1.5676874443797435e-20 0.9999999999999999
19.37 1.5481829354427918e-20 0.9999999999999999
19.380000000000003 1.5289314310370162e-20 1.0000000000000002
19.39 1.5099295113870968e-20 1.0
19.400000000000002 1.49117380484816e-20 1.0000000000000002
19.410000000000004 1.4726609872014342e-20 0.9999999999999998
19.42 1.45438778095992e-20 0.9999999999999999
19.430000000000003 1.436350954685119e-20 0.9999999999999999
19.44 1.418547322313962e-20 1.0000000000000002
19.450000000000003 1.4009737424959596e-20 1.0000000000000002
19.46 1.3836271179403084e-20 1.0000000000000004
19.470000000000002 1.366504394773287e-20 0.9999999999999994
19.48 1.3496025619048724e-20 1.0000000000000002
19.490000000000002 1.3329186504054354e-20 1.0000000000000002
19.500000000000004 1.3164497328914663e-20 0.9999999999999999
19.51 1.3001929229209467e-20 1.0000000000000002
19.520000000000003 1.2841453743976624e-20 0.9999999999999999
19.53 1.2683042809845533e-20 1.0
19.540000000000003 1.25266687552592e-20 0.9999999999999999
19.55 1.2372304294785067e-20 1.0000000000000004
19.560000000000002 1.2219922523508969e-20 1.0
19.57 1.2069496911516756e-20 1.0
19.580000000000002 1.1921001298455927e-20 1.0
19.590000000000003 1.1774409888182327e-20 1.0000000000000002
19.6 1.1629697243484912e-20 0.9999999999999999
19.610000000000003 1.1486838280891203e-20 1.0000000000000002
19.62 1.1345808265550092e-20 1.0
19.630000000000003 1.120658280619367e-20 1.0
19.64 1.106913785017117e-20 0.9999999999999999
19.650000000000002 1.0933449678560819e-20 1.0000000000000002
19.660000000000004 1.0799494901352383e-20 0.9999999999999998
19.67 1.0667250452704472e-20 0.9999999999999996
19.680000000000003 1.0536693586271166e-20 1.0000000000000004
19.69 1.0407801870599196e-20 0.9999999999999998
19.700000000000003 1.0280553184593247e-20 1.0000000000000002
19.71 1.0154925713051537e-20 1.0000000000000004
19.720000000000002 1.0030897942264875e-20 1.0000000000000002
19.73 9.908448655683113e-21 0.9999999999999998
19.740000000000002 9.787556929648265e-21 0.9999999999999999
19.750000000000004 9.668202129186496e-21 0.9999999999999999
19.76 9.550363903867805e-21 0.9999999999999998
19.770000000000003 9.434022183724734e-21 0.9999999999999999
19.78 9.31915717523224e-21 1.0
19.790000000000003 9.205749357347969e-21 1.0000000000000002
19.8 9.093779477611594e-21 0.9999999999999999
19.810000000000002 8.983228548300808e-21 0.9999999999999998
19.82 8.874077842646395e-21 1.0000000000000002
19.830000000000002 8.766308891102721e-21 1.0000000000000002
19.840000000000003 8.65990347767232e-21 1.0000000000000002
19.85 8.554843636287488e-21 1.0000000000000002
19.860000000000003 8.45111164724338e-21 1.0000000000000002
19.87 8.348690033685525e-21 0.9999999999999999
19.880000000000003 8.247561558148245e-21 1.0000000000000002
19.89 8.147709219145104e-21 1.0000000000000002
19.900000000000002 8.049116247809432e-21 1.0000000000000004
19.910000000000004 7.95176610458432e-21 0.9999999999999999
19.92 7.855642475962184e-21 0.9999999999999999
19.930000000000003 7.76072927127254e-21 1.0000000000000002
19.94 7.66701061951598e-21 1.0000000000000002
19.950000000000003 7.574470866246539e-21 0.9999999999999996
19.96 7.483094570498583e-21 0.9999999999999999
19.970000000000002 7.392866501759698e-21 1.0
19.98 7.303771636988915e-21 1.0000000000000002
19.990000000000002 7.215795157677113e-21 0.9999999999999999
20.000000000000004 7.128922446951849e-21 1.0000000000000002
