D prob percentile
0.501 9.194298199920364e-96 1.9578185299045545e-98
0.502 4.8503173255662e-95 1.0410866417362382e-97
0.503 2.525927802445813e-94 5.464996415975727e-97
0.504 1.2987347936475732e-93 2.8322474750890006e-96
0.505 6.593527297458942e-93 1.4493058441269014e-95
0.506 3.305684839394079e-92 7.323608493329101e-95
0.507 1.636814238796269e-91 3.654892602479668e-94
0.508 8.005328502168377e-91 1.8015911241558866e-93
0.509 3.8676551669084316e-90 8.772374270992299e-93
0.51 1.846084935265192e-89 4.219918632831738e-92
0.511 8.706367406195926e-89 2.0056872906041135e-91
0.512 4.0574132264291146e-88 9.419770548404717e-91
0.513 1.8686738822613135e-87 4.372004936629797e-90
0.514 8.506177401533189e-87 2.0055291310434604e-89
0.515 3.827332218998087e-86 9.093470208045423e-89
0.516 1.7024030823502347e-85 4.075928330490762e-88
0.517 7.486458100077742e-85 1.8061884861996598e-87
0.518 3.255224735869681e-84 7.913748001787994e-87
0.519 1.3996469624026844e-83 3.4286765520746666e-86
0.52 5.951561486143465e-83 1.4690550552143765e-85
0.521 2.502993630759326e-82 6.225275146893537e-85
0.522 1.0412285157918294e-81 2.609331162301415e-84
0.523 4.284799669207287e-81 1.0819092811768629e-83
0.524 1.7444294359664926e-80 4.4379652592777106e-83
0.525 7.026750873233487e-80 1.8011436720851535e-82
0.526 2.8007440168029126e-79 7.233089127676434e-82
0.527 1.1047119071715024e-78 2.874415013050687e-81
0.528 4.312410195142037e-78 1.1304832265900021e-80
0.529 1.6661909368754672e-77 4.4005420488144806e-80
0.53 6.372370604567943e-77 1.695561903076068e-79
0.531 2.412605627962236e-76 6.46731755550937e-79
0.532 9.043110225243549e-76 2.442165232546853e-78
0.533 3.3560795115692007e-75 9.13067978610166e-78
0.534 1.233292167253979e-74 3.3802195495850274e-77
0.535 4.488022676716811e-74 1.239186259228522e-76
0.536 1.6174658276900664e-73 4.498978791585956e-76
0.537 5.773530945237775e-73 1.6177537575490281e-75
0.538 2.0413108989014856e-72 5.761918202933485e-75
0.539 7.149451058611273e-72 2.0328844682310143e-74
0.54 2.480655178291144e-71 7.105319935799218e-74
0.541 8.52754843416632e-71 2.4604467071150474e-73
0.542 2.9045555223964305e-70 8.441845300448042e-73
0.543 9.803160950494197e-70 2.870035724795819e-72
0.544 3.2788117954689717e-69 9.669338391125625e-72
0.545 1.0868343852096234e-68 3.228482901194438e-71
0.546 3.570582550562104e-68 1.0683779288220028e-70
0.547 1.1627212206418457e-67 3.504355066901223e-70
0.548 3.7532250437963324e-67 1.139409554408103e-69
0.549 1.2010399792047624e-66 3.6725831548831823e-69
0.55 3.810353206359198e-66 1.1735851586065635e-68
0.551 1.1985569596997974e-65 3.71825891998882e-68
0.552 3.7382492467447703e-65 1.1680925569311986e-67
0.553 1.1561764824855425e-64 3.6387963976578814e-67
0.554 3.546142505031709e-64 1.1241159155890179e-66
0.555 1.0786834139153805e-63 3.444030259796294e-66
0.556 3.2543696783908106e-63 1.0465373561751748e-65
0.557 9.738764352868876e-63 3.1543039256176878e-65
0.558 2.8909039462257933e-62 9.43066227745964e-65
0.559 8.513041813895456e-62 2.7970437302241483e-64
0.56 2.487054871370778e-61 8.230060103781001e-64
0.561 7.208806869528763e-61 2.4025998856789763e-63
0.562 2.0732252882033944e-60 6.959248302905816e-63
0.5630000000000001 5.91646208389617e-60 2.000198616437294e-62
0.5640000000000001 1.675472454805329e-59 5.704808051182196e-62
0.5650000000000001 4.708678054766851e-59 1.614704397047947e-61
0.5660000000000001 1.3133298853063673e-58 4.5358198287679755e-61
0.5670000000000001 3.635700954884825e-58 1.2646075868677508e-60
0.5680000000000001 9.990060183754814e-58 3.499606264162978e-60
0.5690000000000001 2.724830906842324e-57 9.613287887147151e-60
0.5700000000000001 7.377821539989578e-57 2.621439101878886e-59
0.5710000000000001 1.9831669082574046e-56 7.096563918028774e-59
0.5720000000000001 5.292465995437633e-56 1.9073140329096993e-58
0.5730000000000001 1.4023276420460276e-55 5.0896393675682536e-58
0.5740000000000001 3.6894209561373016e-55 1.348550724992871e-57
0.5750000000000001 9.638482882593798e-55 3.548032154952049e-57
0.5760000000000001 2.5004900737789718e-54 9.269836574131476e-57
0.5770000000000001 6.442161051063796e-54 2.4051653448091013e-56
0.5780000000000001 1.6483589495199447e-53 6.197691596751622e-56
0.5790000000000001 4.188990093536359e-53 1.586173762949683e-55
0.5800000000000001 1.0573713748368454e-52 4.0320947744967534e-55
0.5810000000000001 2.6511210869928527e-52 1.0181061162936018e-54
0.5820000000000001 6.602954303730531e-52 2.5536458486572335e-54
0.5830000000000001 1.6337155161455395e-51 6.362918225689801e-54
0.5840000000000001 4.0157482911383433e-51 1.5750799693467725e-53
0.5850000000000001 9.806876956412022e-51 3.8736626581752613e-53
0.5860000000000001 2.3795303315767805e-50 9.46533592307701e-53
0.5870000000000001 5.736802764588387e-50 2.2980910572287975e-52
0.5880000000000001 1.3743217728737065e-49 5.544177418622754e-52
0.5890000000000001 3.2716606524594657e-49 1.3291292398787592e-51
0.5900000000000001 7.739816710665116e-49 3.166495196284533e-51
0.5910000000000001 1.819687427079079e-48 7.497096677821561e-51
0.5920000000000001 4.251943701882948e-48 1.7641316047753587e-50
0.5930000000000001 9.874691123526799e-48 4.125847631909992e-50
0.5940000000000001 2.2794252771748344e-47 9.590920281557725e-50
0.5950000000000001 5.23014058111526e-47 2.2161167512334774e-49
0.5960000000000001 1.1929100030437997e-46 5.0901482930187146e-49
0.5970000000000001 2.704757195529856e-46 1.1622342710315858e-48
0.5980000000000001 6.0967019921437974e-46 2.6381663935486403e-48
0.5990000000000001 1.3662410830543228e-45 5.953544372759237e-48
0.6000000000000001 3.0440013581109934e-45 1.3357751949543265e-47
0.6010000000000001 6.743210762111157e-45 2.97985279947206e-47
0.6020000000000001 1.4852929065433169e-44 6.609658474575685e-47
0.6030000000000001 3.253118476589929e-44 1.4578234910707678e-46
0.6040000000000001 7.085146009726143e-44 3.197358676155914e-46
0.6050000000000001 1.5345373486048281e-43 6.973597323243416e-46
0.6060000000000001 3.3052496939852475e-43 1.5125854181769425e-45
0.6070000000000001 7.080232034179713e-43 3.262862418911753e-45
0.6080000000000001 1.5084301561816234e-42 7.000217530980499e-45
0.6090000000000001 3.1963575322421563e-42 1.4937440301301284e-44
0.6100000000000001 6.736831747187586e-42 3.1703739703486704e-44
0.6110000000000001 1.412354992358306e-41 6.693173809370045e-44
0.6120000000000001 2.9453527656031355e-41 1.4055894485642753e-43
0.6130000000000001 6.110170833506346e-41 2.9363442718034364e-43
0.6140000000000001 1.2609827015013165e-40 6.1023164837909205e-43
0.6150000000000001 2.5889379974719946e-40 1.2616496487901938e-42
0.6160000000000001 5.288198756078664e-40 2.5951112053146257e-42
0.6170000000000001 1.0746924449609854e-39 5.310838001134144e-42
0.6180000000000001 2.1730388399112874e-39 1.0813756581572826e-41
0.6190000000000001 4.371938706019042e-39 2.1908518359713833e-41
0.6200000000000001 8.75225970680736e-39 4.416605361950515e-41
0.6210000000000001 1.7435002512774826e-38 8.859709770001833e-41
0.6220000000000001 3.456173294412924e-38 1.7685677871484058e-40
0.6230000000000001 6.817992754695744e-38 3.513266578145815e-40
0.6240000000000001 1.3385074861731288e-37 6.945498186181348e-40
0.6250000000000001 2.6151939074216823e-37 1.3665143401076356e-39
0.6260000000000001 5.085354732711863e-37 2.675832548283894e-39
0.6270000000000001 9.842109348415305e-37 5.2149834959544515e-39
0.6280000000000001 1.8959194107265283e-36 1.0116060084739994e-38
0.6290000000000001 3.635225546165291e-36 1.9532119587624775e-38
0.6300000000000001 6.938052311080456e-36 3.7538921316995526e-38
0.6310000000000001 1.3181149562551454e-35 7.181636876121138e-38
0.6320000000000001 2.4928329611095107e-35 1.3676942028673247e-37
0.6330000000000001 4.6932293633891924e-35 2.5929433402486696e-37
0.6340000000000001 8.796370297108936e-35 4.893841799633291e-37
0.6350000000000001 1.64135544852086e-34 9.195471484812923e-37
0.6360000000000001 3.0491820939336e-34 1.720201931408935e-36
0.6370000000000001 5.639748141557068e-34 3.203909708608279e-36
0.6380000000000001 1.038593538789318e-33 5.941422689785549e-36
0.6390000000000001 1.9043856075621e-33 1.0970433630679995e-35
0.6400000000000001 3.476972253717552e-33 2.0169447444130008e-35
0.6410000000000001 6.321180569369811e-33 3.6924502563587866e-35
0.6420000000000001 1.1443510354446657e-32 6.731304268593548e-35
0.6430000000000001 2.0629931439727075e-32 1.2219714583428255e-34
0.6440000000000001 3.7036248161080275e-32 2.2090900366202058e-34
0.6450000000000001 6.621555040596072e-32 3.977126618470831e-34
0.6460000000000001 1.1789891881842037e-31 7.130862883075694e-34
0.6470000000000001 2.090688724958352e-31 1.273339854958207e-33
0.6480000000000001 3.692423052132802e-31 2.2645867498120686e-33
0.6490000000000001 6.495143359430382e-31 4.011332574098403e-33
0.6500000000000001 1.1379778860501601e-30 7.077111659733315e-33
0.6510000000000001 1.98590823122788e-30 1.2436654795135285e-32
0.6520000000000001 3.452050772401586e-30 2.176925904785498e-32
0.6530000000000001 5.97723167973123e-30 3.795670711903298e-32
0.6540000000000001 1.0309559020283973e-29 6.59250397205155e-32
0.6550000000000001 1.771369820013659e-29 1.1406209302326075e-31
0.6560000000000001 3.0319323882505954e-29 1.965953824887534e-31
0.6570000000000001 5.169907482381466e-29 3.375656179211089e-31
0.6580000000000001 8.782350947963276e-29 5.774412342232833e-31
0.6590000000000001 1.4863299686394334e-28 9.84087589541639e-31
0.6600000000000001 2.506153615737087e-28 1.6708892939626272e-30
0.6610000000000001 4.210169962142684e-28 2.8265784698571255e-30
0.6620000000000001 7.046970328624425e-28 4.764148176495658e-30
0.6630000000000001 1.1752423258361785e-27 8.000766943467556e-30
0.6640000000000001 1.9529259297616935e-27 1.3387865277618946e-29
0.6650000000000001 3.23361711208161e-27 2.2322124104223572e-29
0.6660000000000001 5.335153378378418e-27 3.70864446732605e-29
0.6670000000000001 8.771455079075167e-27 6.139900295033607e-29
0.6680000000000001 1.4370558110449172e-26 1.0129423253096573e-28
0.6690000000000002 2.3461924542345898e-26 1.6653141002042942e-28
0.6700000000000002 3.817264918568094e-26 2.7283891481945245e-28
0.6710000000000002 6.189423686593699e-26 4.454774926112873e-28
0.6720000000000002 1.0001562601834908e-25 7.248781650878701e-28
0.6730000000000002 1.610703640922275e-25 1.1755320729659045e-27
0.6740000000000002 2.5852579409813684e-25 1.899960147650084e-27
0.6750000000000002 4.1356408389513666e-25 3.0605909638072476e-27
0.6760000000000002 6.593903658582629e-25 4.913908304256057e-27
0.6770000000000002 1.0478842171591987e-24 7.863571570987367e-27
0.6780000000000002 1.6598349727479182e-24 1.2542776433613325e-26
0.6790000000000002 2.6206398623357178e-24 1.9941530282307077e-26
0.6800000000000002 4.124301679959872e-24 3.1602692793875504e-26
0.6810000000000002 6.4699944686392094e-24 4.9922952998847556e-26
0.6820000000000002 1.0117599146671915e-23 7.861342161402947e-26
0.6830000000000002 1.5771779600318985e-23 1.2340222666916765e-25
0.6840000000000002 2.4508860509489262e-23 1.931028526516816e-25
0.6850000000000002 3.796768988640276e-23 3.0123347753175916e-25
0.6860000000000002 5.86358503574537e-23 4.684637764231318e-25
0.6870000000000002 9.027751073440741e-23 7.263004864481181e-25
0.6880000000000002 1.3857102704811188e-22 1.1226216885844314e-24
0.6890000000000002 2.120561900888228e-22 1.7299615671058267e-24
0.6900000000000002 3.235371863160816e-22 2.6578746947664024e-24
0.6910000000000002 4.921541897844292e-22 4.071332634149434e-24
0.6920000000000002 7.464330000223822e-22 6.2180133744563025e-24
0.6930000000000002 1.128761005759275e-21 9.468661111066663e-24
0.6940000000000002 1.7019369811598913e-21 1.4376598857356576e-23
0.6950000000000002 2.5587271843360476e-21 2.1765223588833458e-23
0.6960000000000002 3.835766600058546e-21 3.285626358639244e-23
0.6970000000000002 5.733721947795974e-21 4.945724008812832e-23
0.6980000000000002 8.546452126886554e-21 7.423466876712848e-23
0.6990000000000002 1.2703059424518597e-20 1.1111107067544418e-22
0.7000000000000002 1.882835626254142e-20 1.6584025201088335e-22
0.7010000000000002 2.7829564731933035e-20 2.4683853409326255e-22
0.7020000000000002 4.1020278179658294e-20 3.6638242286961745e-22
0.7030000000000002 6.029720158936705e-20 5.423294257293931e-22
0.7040000000000002 8.83914390167305e-20 8.005836493106429e-22
0.7050000000000002 1.292247806542484e-19 1.178618760196346e-21
0.7060000000000002 1.8841347193636112e-19 1.7304979337483926e-21
0.7070000000000002 2.7397856459722217e-19 2.5340073860254127e-21
0.7080000000000002 3.9734484040017406e-19 3.700765918202006e-21
0.7090000000000002 5.747417433803823e-19 5.390513460953087e-21
0.7100000000000002 8.291628338593732e-19 7.831252097461984e-21
0.7110000000000002 1.1930991289918926e-18 1.1347561276993339e-20
0.7120000000000002 1.7123418779499385e-18 1.640029964438004e-20
0.7130000000000002 2.4512592722326002e-18 2.364212652610668e-20
0.7140000000000002 3.5000992378016346e-18 3.3994944363485824e-20
0.7150000000000002 4.985070004018649e-18 4.875763739128693e-20
0.7160000000000002 7.082219124778305e-18 6.975557342655391e-20
0.7170000000000002 1.0036493242966183e-17 9.954752769744039e-20
0.7180000000000002 1.4187845769896928e-17 1.4171135717432727e-19
0.7190000000000002 2.0006908121124822e-17 2.0123740178364515e-19
0.7200000000000002 2.8143605155689974e-17 2.8506887906147777e-19
0.7210000000000002 3.9493246343270824e-17 4.028423487777193e-19
0.7220000000000002 5.528615149179201e-17 5.678998107901725e-19
0.7230000000000002 7.720889157494623e-17 7.986686842734567e-19
0.7240000000000002 1.0756789457739269e-16 1.120538795019098e-18
0.7250000000000002 1.4950968195153888e-16 1.5684091803844156e-18
0.7260000000000002 2.0731661998918935e-16 2.1901354154495265e-18
0.7270000000000002 2.868031231479055e-16 3.0511847034325995e-18
0.7280000000000002 3.9584515877437245e-16 4.240906915918495e-18
0.7290000000000002 5.450862206925592e-16 5.880962570657305e-18
0.7300000000000002 7.48876361286111e-16 8.136623029898095e-18
0.7310000000000002 1.0265182894506999e-15 1.1231886404896973e-17
0.7320000000000002 1.4039170899475927e-15 1.546965072160233e-17
0.7330000000000002 1.915759239293033e-15 2.1258574304378926e-17
0.7340000000000002 2.60838410971318e-15 2.9148758250080193e-17
0.7350000000000002 3.5435593722956823e-15 3.9879040705033576e-17
0.7360000000000002 4.8034335403942405e-15 5.443953995777622e-17
0.7370000000000002 6.49701798987726e-15 7.415417714143874e-17
0.7380000000000002 8.768651738753137e-15 1.0078931804574075e-16
0.7390000000000002 1.18090308017927e-14 1.366964836818091e-16
0.7400000000000002 1.5869547216713358e-14 1.8499939991524935e-16
0.7410000000000002 2.128088978396963e-14 2.498386249249516e-16
0.7420000000000002 2.847712024882943e-14 3.3669078170569153e-16
0.7430000000000002 3.80267688090187e-14 4.527842469949954e-16
0.7440000000000002 5.067290842476684e-14 6.076392773131677e-16
0.7450000000000002 6.738468937208642e-14 8.137683230863238e-16
0.7460000000000002 8.942346957088569e-14 1.0875821106827156e-15
0.7470000000000002 1.1842749405471319e-13 1.4505594777366424e-15
0.7480000000000002 1.565200972514605e-13 1.9307545706991888e-15
0.7490000000000002 2.0644767182771009e-13 2.5647346472074037e-15
0.7500000000000002 2.7175522538922853e-13 3.4000663456246354e-15
0.7510000000000002 3.570093014705274e-13 4.498499089971651e-15
0.7520000000000002 4.680804590979902e-13 5.940032762502757e-15
0.7530000000000002 6.125004888070098e-13 7.828104700154675e-15
0.7540000000000002 7.999132167758126e-13 1.0296190655503681e-14
0.7550000000000002 1.042642262662248e-12 1.3516188289087916e-14
0.7560000000000002 1.3564046510844865e-12 1.7709043288315392e-14
0.7570000000000002 1.7612059477273847e-12 2.3158191294128278e-14
0.7580000000000002 2.282460857608717e-12 3.022652824841019e-14
0.7590000000000002 2.9523932941498778e-12 3.937779333681411e-14
0.7600000000000002 3.81178217156856e-12 5.120345936456996e-14
0.7610000000000002 4.912134027415548e-12 6.645648355140926e-14
0.7620000000000002 6.318381565900966e-12 8.609358742833646e-14
0.7630000000000002 8.112228940247564e-12 1.113281198131077e-13
0.7640000000000002 1.039629078889217e-11 1.436960261321142e-13
0.7650000000000002 1.329920356027347e-11 1.8513801781316737e-13
0.7660000000000002 1.6981925508358494e-11 2.3810172752551085e-13
0.7670000000000002 2.164548709357901e-11 3.0566847394670987e-13
0.7680000000000002 2.754050775945521e-11 3.917102722302306e-13
0.7690000000000002 3.497885978260912e-11 5.010839474112726e-13
0.7700000000000002 4.4347936987078856e-11 6.398706777115595e-13
0.7710000000000002 5.612807775098918e-11 8.156710602842819e-13
0.7720000000000002 7.091380044045833e-11 1.0379679088310524e-12
0.7730000000000002 8.943963810467781e-11 1.3185715257361893e-12
0.7740000000000002 1.1261151133145685e-10 1.6721652169611173e-12
0.7750000000000002 1.415447574802252e-10 2.116972424727275e-12
0.7760000000000002 1.7761014554644536e-10 2.6755711444500966e-12
0.7770000000000002 2.2248945378866118e-10 3.3758863887614892e-12
0.7780000000000002 2.7824247782687106e-10 4.252397502336143e-12
0.7790000000000002 3.4738767688718874e-10 5.3476042782083464e-12
0.7800000000000002 4.3299906283983854e-10 6.713804266029392e-12
0.7810000000000002 5.388223993119748e-10 8.415243610547586e-12
0.7820000000000003 6.694143162654578e-10 1.0530715462172666e-11
0.7830000000000003 8.303085701128246e-10 1.315669374522781e-11
0.7840000000000003 1.0282144032248712e-09 1.6411106179272602e-11
0.7850000000000003 1.2712527936636468e-09 2.043786929732067e-11
0.7860000000000003 1.569237351989869e-09 2.5412330217087157e-11
0.7870000000000003 1.9340077347918553e-09 3.1547785581737356e-11
0.7880000000000003 2.3798247240001297e-09 3.910327794511321e-11
0.7890000000000003 2.923837589212417e-09 4.839290455701918e-11
0.7900000000000003 3.5866360317655945e-09 5.979691371264522e-11
0.7910000000000003 4.392900931467926e-09 7.377491036384573e-11
0.7920000000000003 5.372170309980967e-09 9.088154644687677e-11
0.7930000000000003 6.55973942219944e-09 1.1178513337122188e-10
0.7940000000000003 7.997716725389453e-09 1.3728968547062817e-10
0.7950000000000003 9.736260695717432e-09 1.6836098520892048e-10
0.7960000000000003 1.1835026107374972e-08 2.0615735497710224e-10
0.7970000000000003 1.4364852509187706e-08 2.520659279950055e-10
0.7980000000000003 1.7409732280052656e-08 3.0774533389765796e-10
0.7990000000000003 2.106910087513661e-08 3.7517585499531416e-10
0.8000000000000003 2.5460497751530476e-08 4.5671826910656677e-10
0.8010000000000003 3.072265305210349e-08 5.551827766652064e-10
0.8020000000000003 3.701906250196716e-08 6.739096161250338e-10
0.8030000000000003 4.454212121084729e-08 8.168632054294982e-10
0.8040000000000003 5.351789625994407e-08 9.887419116541586e-10
0.8050000000000003 6.421162817231365e-08 1.1951058493488e-09
0.8060000000000003 7.69340627157647e-08 1.442525444407992e-09
0.8070000000000003 9.204872706683508e-08 1.7387538786249211e-09
0.8080000000000003 1.0998027827929339e-07 2.092926954944377e-09
0.8090000000000003 1.312240673618625e-07 2.515794399707967e-09
0.8100000000000003 1.5635707919413905e-07 3.019987151172453e-09
0.8110000000000003 1.8605042711837028e-07 3.6203257789802628e-09
0.8120000000000003 2.2108360146428653e-07 4.334175843215141e-09
0.8130000000000003 2.6236069362469945e-07 5.181856740776758e-09
0.8140000000000003 3.10928841735823e-07 6.187111408114989e-09
0.8150000000000003 3.679991706647841e-07 7.377645160412955e-09
0.8160000000000003 4.349705280074918e-07 8.785742956116357e-09
0.8170000000000003 5.134563492932803e-07 1.044897549079622e-08
0.8180000000000003 6.053150197195917e-07 1.2411005754703652e-08
0.8190000000000003 7.126841366404566e-07 1.4722509043544393e-08
0.8200000000000003 8.380191168434518e-07 1.74422209019332e-08
0.8210000000000003 9.841366355059862e-07 2.063812911420068e-08
0.8220000000000003 1.1542634297502219e-06 2.4388827648578314e-08
0.8230000000000003 1.3520910490369116e-06 2.8785052419716392e-08
0.8240000000000003 1.5818371873649382e-06 3.393142087272083e-08
0.8250000000000003 1.8483142884717708e-06 3.994839972157371e-08
0.8260000000000003 2.1570061750483418e-06 4.6974527708457186e-08
0.8270000000000003 2.514153516457505e-06 5.516892300077322e-08
0.8280000000000003 2.926849016627542e-06 6.47141078225634e-08
0.8290000000000003 3.403143274708874e-06 7.581918599916862e-08
0.8300000000000003 3.9521623457369925e-06 8.872341355475384e-08
0.8310000000000003 4.584238106907912e-06 1.0370020330978187e-07
0.8320000000000003 5.311052617092925e-06 1.210616133382703e-07
0.8330000000000003 6.145797742799598e-06 1.411633686056322e-07
0.8340000000000003 7.1033514128014465e-06 1.644104726420805e-07
0.8350000000000003 8.200471955935097e-06 1.912634700936486e-07
0.8360000000000003 9.456012071886207e-06 2.2224542640870285e-07
0.8370000000000003 1.0891154082895898e-05 2.57949696537246e-07
0.8380000000000003 1.2529668214895666e-05 2.990485604887221e-07
0.8390000000000003 1.4398195759251982e-05 3.4630280992007514e-07
0.8400000000000003 1.6526559070664655e-05 4.005723766157077e-07
0.8410000000000003 1.8948100462290226e-05 4.628281007798526e-07
0.8420000000000003 2.1700052165352664e-05 5.341647444931437e-07
0.8430000000000003 2.4823939626700028e-05 6.158153634898621e-07
0.8440000000000003 2.836602052331976e-05 7.091671585893109e-07
0.8450000000000003 3.2377761976960375e-05 8.15778936660514e-07
0.8460000000000003 3.691635855392535e-05 9.374003189962011e-07
0.8470000000000003 4.2045293733899916e-05 1.0759928504359836e-06
0.8480000000000003 4.7834947626398666e-05 1.233753154091788e-06
0.8490000000000003 5.436325380301851e-05 1.413138315761149e-06
0.8500000000000003 6.171640819708782e-05 1.6168936638514412e-06
0.8510000000000003 6.998963309834744e-05 1.8480831377727745e-06
0.8520000000000003 7.928799933766178e-05 2.1101224431306715e-06
0.8530000000000003 8.972730981434297e-05 2.4068152037830178e-06
0.8540000000000003 0.0001014350475648527 2.7423923319902125e-06
0.8550000000000003 0.00011455139160531422 3.1215548491957496e-06
0.8560000000000003 0.00012923030379972437 3.5495204013741923e-06
0.8570000000000003 0.0001456406900096762 4.032073724324878e-06
0.8580000000000003 0.0001639676387681701 4.575621329155743e-06
0.8590000000000003 0.00018441374068825433 5.187250665594637e-06
0.8600000000000003 0.0002072004917651119 5.87479410343468e-06
0.8610000000000003 0.0002325697836563563 6.646897965013355e-06
0.8620000000000003 0.00026078548392811213 7.513096969896187e-06
0.8630000000000003 0.0002921351091323839 8.483894393185032e-06
0.8640000000000003 0.00032693159343276986 9.57084827185973e-06
0.8650000000000003 0.000365515155319381 1.0786663999528112e-05
0.8660000000000003 0.0004082552647483257 1.2145293658535085e-05
0.8670000000000003 0.00045555271280512755 1.3662042446192434e-05
0.8680000000000003 0.0005078417857238553 1.53536825587968e-05
0.8690000000000003 0.0005655925447928917 1.7238574903037597e-05
0.8700000000000003 0.0006293132133440379 1.9336799009189845e-05
0.8710000000000003 0.0006995526716524577 2.1670291524055676e-05
0.8720000000000003 0.0007769030601703289 2.426299366383554e-05
0.8730000000000003 0.0008620024910764667 2.7141008007819607e-05
0.8740000000000003 0.0009555378676478502 3.0332765012911245e-05
0.8750000000000003 0.0010582478104454547 3.386919962635935e-05
0.8760000000000003 0.0011709256887573426 3.7783938369585804e-05
0.8770000000000003 0.001294422755157293 4.211349725949426e-05
0.8780000000000003 0.0014296513804154549 4.689749092505073e-05
0.8790000000000003 0.0015775883853433547 5.217885326606084e-05
0.8800000000000003 0.0017392784654662386 5.800406998784694e-05
0.8810000000000003 0.0019158377036955524 6.44234233298696e-05
0.8820000000000003 0.0021084571654229984 7.149124928800171e-05
0.8830000000000003 0.002318406569679388 7.926620760926413e-05
0.8840000000000003 0.002547038029195246 8.781156481400574e-05
0.8850000000000003 0.002795789851372489 9.71954904739543e-05
0.8860000000000003 0.0030661903913276984 0.0001074913669449223
0.8870000000000003 0.003359861947301028 0.00011877811272042908
0.8880000000000003 0.0036785246878454606 0.00013114051953678783
0.8890000000000003 0.004024000599322854 0.00014466960332147627
0.8900000000000003 0.004398217441336183 0.0001594629690346807
0.8910000000000003 0.004803212696834246 0.00017562518940886668
0.8920000000000003 0.00524113750273032 0.00019326819754302785
0.8930000000000003 0.005714260545994357 0.0002125116932569313
0.8940000000000003 0.006224971909307399 0.00023348356305630063
0.8950000000000004 0.00677578684951606 0.00025632031350243716
0.8960000000000004 0.00736934949129939 0.00028116751771936984
0.8970000000000004 0.008008436417665863 0.00030818027470846796
0.8980000000000004 0.008695960138136555 0.00033752368107439914
0.8990000000000004 0.009434972414758554 0.00036937331469785815
0.9000000000000004 0.010228667425420565 0.0004039157298193781
0.9010000000000004 0.011080384743333723 0.0004413489629254584
0.9020000000000004 0.011993612110983922 0.00048188304868394577
0.9030000000000004 0.012971987986383196 0.0005257405456490704
0.9040000000000004 0.014019303839027969 0.0005731570694513761
0.9050000000000004 0.015139506172645053 0.0006243818349605042
0.9060000000000004 0.01633669825155484 0.0006796782040118956
0.9070000000000004 0.017615141507320374 0.0007393242390593981
0.9080000000000004 0.018979256602292792 0.0008036132611073261
0.9090000000000004 0.020433624126694184 0.0008728544107436119
0.9100000000000004 0.02198298490602876 0.0009473732109451878
0.9110000000000004 0.023632239895852808 0.0010275121302453444
0.9120000000000004 0.025386449641310593 0.001113631144772827
0.9130000000000004 0.027250833279314116 0.0012061082975938285
0.9140000000000004 0.02923076706184887 0.001305340253711175
0.9150000000000004 0.03133178237960565 0.0014117428490007433
0.9160000000000004 0.033559563265989335 0.0015257516312933601
0.9170000000000004 0.035919943362511246 0.001647822391742197
0.9180000000000004 0.038418902327680936 0.0017784316845503238
0.9190000000000004 0.04106256167272349 0.0019180773330729295
0.9200000000000004 0.043857180008786974 0.0020672789202520895
0.9210000000000004 0.04680914769177973 0.002226578261290451
0.9220000000000004 0.049924980852556526 0.00239653985642479
0.9230000000000004 0.053211314801872925 0.0025777513216194083
0.9240000000000004 0.05667489680135021 0.002770823794966148
0.9250000000000004 0.06032257819361484 0.0029763923165495644
0.9260000000000004 0.06416130588680553 0.003195116179516069
0.9270000000000004 0.0681981131907668 0.0034276792500719604
0.9280000000000004 0.07244011000448233 0.00367479025413035
0.9290000000000004 0.07689447235658095 0.003937183028328902
0.9300000000000004 0.08156843130314916 0.004215616733151121
0.9310000000000004 0.086469261189531 0.004510876025903638
0.9320000000000004 0.09160426728529736 0.004823771191328509
0.9330000000000004 0.09698077280411904 0.005155138227667735
0.9340000000000004 0.10260610532290569 0.0055058388860422195
0.9350000000000004 0.10848758261715187 0.005876760661062188
0.9360000000000004 0.11463249793211398 0.006268816730651524
0.9370000000000004 0.12104810471207178 0.006682945843140577
0.9380000000000004 0.12774160081257332 0.007120112149766074
0.9390000000000004 0.1347201122231913 0.007581304980808046
0.9400000000000004 0.14199067633090265 0.008067538563695808
0.9410000000000004 0.14956022475677355 0.008579851681524303
0.9420000000000004 0.15743556580110865 0.009119307270543171
0.9430000000000004 0.16562336653467036 0.009686991955306532
0.9440000000000004 0.17413013457590226 0.010284015520309364
0.9450000000000004 0.1829621995963711 0.010911510317080741
0.9460000000000004 0.1921256945987684 0.011570630605855005
0.9470000000000004 0.2016265370138825 0.012262551831103525
0.9480000000000004 0.21147040966480904 0.012988469830373814
0.9490000000000004 0.22166274164849586 0.013749599976058534
0.9500000000000004 0.23220868918628645 0.014547176249891856
0.9510000000000004 0.24311311649661832 0.01538245025015925
0.9520000000000004 0.254380576744312 0.016256690131793445
0.9530000000000004 0.26601529312200595 0.01717117947972199
0.9540000000000004 0.27802114012019374 0.018127216116031786
0.9550000000000004 0.2904016250431005 0.01912611084171174
0.9560000000000004 0.303159869828129 0.020169186113941282
0.9570000000000004 0.31629859322695536 0.021257774660091655
0.9580000000000004 0.32982009340646207 0.02239321802981495
0.9590000000000004 0.34372623102761596 0.023576865086798883
0.9600000000000004 0.3580184128600533 0.02481007044196704
0.9610000000000004 0.3726975759896661 0.02609419283011115
0.9620000000000004 0.3877641726756402 0.027430593432136465
0.9630000000000004 0.4032181559125518 0.02882063414530427
0.9640000000000004 0.4190589657517643 0.030265675804042304
0.9650000000000004 0.4352855164351857 0.03176707635408836
0.9660000000000004 0.45189618439258494 0.03332618898291111
0.9670000000000004 0.46888879715208304 0.03494436020953236
0.9680000000000004 0.48626062321117236 0.03662292793704428
0.9690000000000004 0.5040083629135598 0.03836321947127762
0.9700000000000004 0.5221281403746697 0.04016654950923397
0.9710000000000004 0.540615496495914 0.042034218101036656
0.9720000000000004 0.5594653831053253 0.043967508589296815
0.9730000000000004 0.578672158258879 0.04596768552991378
0.9740000000000004 0.5982295827340548 0.0480359925984456
0.9750000000000004 0.6181308177436979 0.05017365048629291
0.9760000000000004 0.6383684238950553 0.052381854791027055
0.9770000000000004 0.6589343614152463 0.05466177390528001
0.9780000000000004 0.6798199916609311 0.05701454690867799
0.9790000000000004 0.7010160799262101 0.05944128146736301
0.9800000000000004 0.7225127995590168 0.06194305174567564
0.9810000000000004 0.7442997373925393 0.06452089633462361
0.9820000000000004 0.7663659004941494 0.06717581620175242
0.9830000000000004 0.7886997242306575 0.06990877266705266
0.9840000000000004 0.8112890816445717 0.07272068540952732
0.9850000000000004 0.8341212941322257 0.075612430509003
0.9860000000000004 0.8571831434107218 0.07858483852774846
0.9870000000000004 0.880460884756739 0.08163869263639421
0.9880000000000004 0.9039402614963483 0.08477472678859585
0.9890000000000004 0.9276065207212889 0.08799362394878754
0.9900000000000004 0.9514444302034032 0.091296014377297
0.9910000000000004 0.9754382964752376 0.09468247397697484
0.9920000000000004 0.9995719840413525 0.09815352270536998
0.9930000000000004 1.0238289356814805 0.10170962305637055
0.9940000000000004 1.048192193803233 0.10535117861506244
0.9950000000000004 1.0726444227990908 0.10907853268942454
0.9960000000000004 1.097167932359233 0.11289196702230292
0.9970000000000004 1.121744701689012 0.11679170058693633
0.9980000000000004 1.146356404577096 0.12077788846911297
0.9990000000000004 1.170984435257909 0.12485062083886031
1.0000000000000004 1.1956099350096137 0.1290099220143484
1.0010000000000003 1.2202138194266616 0.13325574962048972
1.0020000000000004 1.2447768063042648 0.13758799384449993
1.0030000000000006 1.269279444070079 0.14200647679044456
1.0040000000000004 1.2937021406972409 0.14651095193459673
1.0050000000000003 1.3180251930313083 0.151101103683173
1.0060000000000004 1.3422288164627636 0.15577654703377497
1.0070000000000006 1.3662931748758005 0.16053682734163563
1.0080000000000005 1.3901984108035756 0.16538142019152438
1.0090000000000003 1.41392467571962 0.17030973137591
1.0100000000000005 1.4374521603949395 0.17532109697972387
1.0110000000000006 1.4607611252503994 0.180414783571848
1.0120000000000005 1.4838319306343155 0.18558998850318167
1.0130000000000003 1.5066450669554767 0.19084584031089896
1.0140000000000005 1.5291811846027294 0.19618139922826727
1.0150000000000006 1.5514211235829376 0.20159565779915758
1.0160000000000005 1.5733459428104857 0.2070875415961445
1.0170000000000003 1.5949369489825787 0.21265591004084536
1.0180000000000005 1.6161757249761544 0.2182995573249384
1.0190000000000006 1.6370441577039672 0.22401721343005507
1.0200000000000005 1.6575244653691716 0.22980754524455488
1.0210000000000004 1.677599224059777 0.2356691577749609
1.0220000000000005 1.697251393626531 0.24160059544962123
1.0230000000000006 1.7164643427900501 0.2476003435119932
1.0240000000000005 1.7352218734256228 0.2536668295007571
1.0250000000000004 1.7535082439765164 0.25979842481377174
1.0260000000000005 1.7713081919494258 0.26599344635272093
1.0270000000000006 1.7886069554485033 0.2722501582451565
1.0280000000000005 1.8053902937073354 0.2785667736404906
1.0290000000000004 1.8216445065811357 0.2849414565763361
1.0300000000000005 1.8373564529645796 0.29137232391148205
1.0310000000000006 1.852513568103759 0.297857447321677
1.0320000000000005 1.8671038797740003 0.30439485535427324
1.0330000000000004 1.8811160232983697 0.31098253553771416
1.0340000000000005 1.89453925538505 0.3176184365417369
1.0350000000000006 1.9073634667649302 0.3243004703841031
1.0360000000000005 1.9195791936140991 0.3310265146796301
1.0370000000000004 1.9311776277491184 0.33779441492721707
1.0380000000000005 1.9421506255861911 0.34460198683053506
1.0390000000000006 1.9524907158586038 0.3514470186480154
1.0400000000000005 1.9621911060899213 0.3583272735678028
1.0410000000000004 1.9712456878236335 0.36524049210326087
1.0420000000000005 1.9796490406128904 0.3721843945046768
1.0430000000000006 1.9873964347771047 0.37915668318282597
1.0440000000000005 1.9944838329350694 0.386155045140071
1.0450000000000004 2.00090789032708 0.39317715440471995
1.0460000000000005 2.006665953941354 0.4002206744644086
1.0470000000000006 2.0117560604626763 0.4072832606943303
1.0480000000000005 2.016176933063822 0.41436256277622446
1.0490000000000004 2.0199279770626997 0.4214562271040841
1.0500000000000005 2.0230092744705637 0.4285618991726401
1.0510000000000006 2.025421577458858 0.4356772259447682
1.0520000000000005 2.0271663007743665 0.4427998581940811
1.0530000000000004 2.0282455131343315 0.4499274528190646
1.0540000000000005 2.0286619276350475 0.4570576751252076
1.0550000000000006 2.028418891209186 0.4641882010717395
1.0560000000000005 2.0275203731686964 0.471316719479703
1.0570000000000004 2.0259709528715444 0.47844093419819794
1.0580000000000005 2.0237758065519276 0.4855585662257849
1.0590000000000006 2.0209406933547616 0.49266735578419246
1.0600000000000005 2.0174719406162755 0.49976506434159895
1.0610000000000004 2.013376428433451 0.506849476582914
1.0620000000000005 2.008661573565878 0.5139184023246296
1.0630000000000006 2.0033353127141367 0.5209696783719798
1.0640000000000005 1.9974060852194118 0.5280011703162959
1.0650000000000004 1.99088281522936 0.5350107742705987
1.0660000000000005 1.9837748933755337 0.5419964185416329
1.0670000000000006 1.9760921580077693 0.5489560652366962
1.0680000000000005 1.9678448760309206 0.5558877118038051
1.0690000000000004 1.959043723389242 0.5627893925038769
1.0700000000000005 1.9496997652434442 0.5696591798137377
1.0710000000000006 1.9398244358851453 0.5764951857589924
1.0720000000000005 1.9294295184328918 0.5832955631759005
1.0730000000000004 1.9185271243534738 0.5900585069015595
1.0740000000000005 1.9071296728515235 0.5967822548918545
1.0750000000000006 1.8952498701696572 0.603465089266804
1.0760000000000005 1.8829006888405744 0.6101053372830391
1.0770000000000004 1.8700953469316068 0.6167013722333395
1.0780000000000005 1.8568472873211992 0.62325161427325
1.0790000000000006 1.8431701570457808 0.629754531174966
1.0800000000000005 1.829077786754199 0.6362086390088093
1.0810000000000004 1.814584170305868 0.6426125027527194
1.0820000000000005 1.799703444547404 0.6489647368303463
1.0830000000000006 1.7844498693012094 0.6552640055784055
1.0840000000000005 1.7688378075981734 0.6615090236441247
1.0850000000000004 1.7528817061851518 0.6676985563136848
1.0860000000000005 1.7365960763365982 0.673831419772661
1.0870000000000006 1.7199954749981166 0.6799064812995951
1.0880000000000005 1.7030944862882584 0.6859226593939067
1.0890000000000004 1.6859077033834222 0.6918789238394678
1.0900000000000005 1.668449710809133 0.6977742957051815
1.0910000000000006 1.65073506715948 0.7036078472840772
1.0920000000000005 1.6327782882648938 0.7093787019724526
1.0930000000000004 1.6145938308269718 0.715086034090648
1.0940000000000005 1.5961960765374719 0.7207290686471612
1.0950000000000006 1.5775993166971018 0.7263070810478008
1.0960000000000005 1.5588177373481547 0.7318193967516796
1.0970000000000004 1.5398654049335778 0.737265390875873
1.0980000000000005 1.5207562524935756 0.7426444877506099
1.0990000000000006 1.5015040664094015 0.7479561604268945
1.1000000000000005 1.4821224737024201 0.7531999301385162
1.1010000000000004 1.4626249298953493 0.7583753657204054
1.1020000000000005 1.4430247074409666 0.7634820829853055
1.1030000000000006 1.4233348847224245 0.768519744060779
1.1040000000000005 1.4035683356278164 0.7734880566885625
1.1050000000000004 1.3837377197005112 0.7783867734882879
1.1060000000000005 1.3638554728655226 0.7832156911875909
1.1070000000000007 1.3439337987309055 0.7879746498206335
1.1080000000000005 1.3239846604620922 0.7926635318970567
1.1090000000000004 1.3040197732259768 0.7972822615433877
1.1100000000000005 1.2840505972005196 0.8018308036188647
1.1110000000000007 1.2640883311445767 0.8063091628076828
1.1120000000000005 1.2441439065217537 0.8107173826896205
1.1130000000000004 1.2242279821711362 0.8150555447909712
1.1140000000000005 1.204350939516956 0.8193237676176852
1.1150000000000007 1.1845228783083779 0.8235222056726166
1.1160000000000005 1.164753612879823 0.827651048458707
1.1170000000000004 1.145052668921582 0.8317105194699324
1.1180000000000005 1.125429280749824 0.8357008751717706
1.1190000000000007 1.1058923890644334 0.8396224039729374
1.1200000000000006 1.0864506391825524 0.8434754251900822
1.1210000000000004 1.0671123797352697 0.8472602880070927
1.1220000000000006 1.0478856618143584 0.8509773704306113
1.1230000000000007 1.0287782385555764 0.8546270782433196
1.1240000000000006 1.009797565144625 0.8582098439565155
1.1250000000000004 0.9909507992316299 0.8617261257634277
1.1260000000000006 0.9722448017396572 0.8651764064946786
1.1270000000000007 0.9536861380525372 0.8685611925772708
1.1280000000000006 0.9352810795671072 0.8718810129983839
1.1290000000000004 0.917035605594784 0.8751364182752545
1.1300000000000006 0.898955405597347 0.8783279794323232
1.1310000000000007 0.8810458817416217 0.8814562869868129
1.1320000000000006 0.8633121517577943 0.8845219499438213
1.1330000000000005 0.8457590520860262 0.8875255948019705
1.1340000000000006 0.82839114129617 0.890467864570607
1.1350000000000007 0.811212703765295 0.8933494177994694
1.1360000000000006 0.7942277535979212 0.8961709276217266
1.1370000000000005 0.7774400387739971 0.8989330808111875
1.1380000000000006 0.7608530455097411 0.9016365768544815
1.1390000000000007 0.7444700028166653 0.9042821270389081
1.1400000000000006 0.7282938872443074 0.9068704535566466
1.1410000000000005 0.7123274277924231 0.909402288625937
1.1420000000000006 0.696573110978596 0.9118783736298044
1.1430000000000007 0.6810331860475768 0.9142994582728432
1.1440000000000006 0.6657096703087898 0.9166662997565526
1.1450000000000005 0.6506043545888877 0.9189796619736315
1.1460000000000006 0.6357188087865208 0.9212403147216238
1.1470000000000007 0.6210543875167227 0.9234490329362488
1.1480000000000006 0.6066122358327678 0.9256065959447183
1.1490000000000005 0.5923932950136291 0.9277137867392726
1.1500000000000006 0.5783983084055967 0.9297713912711736
1.1510000000000007 0.5646278273069042 0.9317801977652913
1.1520000000000006 0.5510822168846453 0.9337409960554524
1.1530000000000005 0.537761662113612 0.9356545769406173
1.1540000000000006 0.5246661737271451 0.9375217315619608
1.1550000000000007 0.5117955941703415 0.9393432508008749
1.1560000000000006 0.499149603546511 0.9411199246978869
1.1570000000000005 0.48672772554802834 0.942852541892461
1.1580000000000006 0.4745293333632704 0.9445418890835972
1.1590000000000007 0.46255365555158845 0.9461887505111488
1.1600000000000006 0.4507997818787207 0.9477939074577165
1.1610000000000005 0.43926666910545253 0.9493581377709741
1.1620000000000006 0.4279531467227247 0.9508822154062581
1.1630000000000007 0.41685792262670535 0.952366909989198
1.1640000000000006 0.4059795887278264 0.9538129863981917
1.1650000000000005 0.39531662648806287 0.9552212043664715
1.1660000000000006 0.38486741238119737 0.9565923181034904
1.1670000000000007 0.37463022327110085 0.9579270759353684
1.1680000000000006 0.36460324170342395 0.9592262199640893
1.1690000000000005 0.35478456110652357 0.9604904857451386
1.1700000000000006 0.3451721908976735 0.9617206019832585
1.1710000000000007 0.3357640614910585 0.9629172902459787
1.1720000000000006 0.32655802920425475 0.9640812646945736
1.1730000000000005 0.31755188106034143 0.9652132318320822
1.1740000000000006 0.3087433394830086 0.9663138902680243
1.1750000000000007 0.30013006688235994 0.9673839304994172
1.1760000000000006 0.29170967012938676 0.9684240347077349
1.1770000000000005 0.28347970491737023 0.9694348765713781
1.1780000000000006 0.2754376800087726 0.9704171210932858
1.1790000000000007 0.26758106136636667 0.9713714244432643
1.1800000000000006 0.25990727616767 0.9722984338146387
1.1810000000000005 0.2524137167019524 0.9731987872948082
1.1820000000000006 0.24509774414933075 0.9740731137492833
1.1830000000000007 0.2379566922416956 0.97492203271881
1.1840000000000006 0.2309878708053728 0.9757461543291498
1.1850000000000005 0.22418856918568172 0.9765460792131048
1.1860000000000006 0.21755605955373056 0.9773223984443709
1.1870000000000007 0.21108760009593525 0.9780756934828114
1.1880000000000006 0.20478043808693683 0.9788065361307396
1.1890000000000005 0.19863181284677633 0.9795154884997845
1.1900000000000006 0.19263895858330843 0.980203102987971
1.1910000000000007 0.18679910712098094 0.9808699222665717
1.1920000000000006 0.18110949051724848 0.9815164792763624
1.1930000000000005 0.1755673435680031 0.9821432972328786
1.1940000000000006 0.1701699062035425 0.9827508896402817
1.1950000000000007 0.1649144257766671 0.9833397603134613
1.1960000000000006 0.15979815924462346 0.9839104034079852
1.1970000000000005 0.1548183752466876 0.9844633034575506
1.1980000000000006 0.14997235607927925 0.9849989354185366
1.1990000000000007 0.14525739957055595 0.985517764721342
1.2000000000000006 0.1406708208565103 0.9860202473281261
1.2010000000000005 0.13620995406065042 0.9865068297966204
1.2020000000000006 0.13187215387941917 0.986977949349696
1.2030000000000007 0.1276547970755128 0.9874340339503163
1.2040000000000006 0.12355528388134145 0.9878755023815965
1.2050000000000005 0.11957103931487574 0.9883027643316442
1.2060000000000006 0.11569951441018557 0.9887162204828601
1.2070000000000007 0.111938187364966 0.9891162626054294
1.2080000000000006 0.1082845646073861 0.9895032736546943
1.2090000000000005 0.10473618178459597 0.9898776278721575
1.2100000000000006 0.1012906046752512 0.9902396908897975
1.2110000000000007 0.09794543002839391 0.9905898198374861
1.2120000000000006 0.09469828633104854 0.9909283634532198
1.2130000000000005 0.09154683450687195 0.9912556621959168
1.2140000000000006 0.08848876854819625 0.9915720483605766
1.2150000000000007 0.08552181608379116 0.9918778461955168
1.2160000000000006 0.0826437388846393 0.9921733720215264
1.2170000000000005 0.07985233331001881 0.9924589343526715
1.2180000000000006 0.07714543069616146 0.9927348340185689
1.2190000000000007 0.0745208976897138 0.9930013642879381
1.2200000000000006 0.07197663652821716 0.9932588109932222
1.2210000000000005 0.06951058526978195 0.9935074526561115
1.2220000000000006 0.06712071797411037 0.99374756061378
1.2230000000000008 0.06480504483697394 0.9939793991456907
1.2240000000000006 0.0625616122802174 0.9942032256007708
1.2250000000000005 0.06038850299933601 0.9944192905248563
1.2260000000000006 0.05828383597061562 0.9946278377882076
1.2270000000000008 0.056245766419798664 0.9948291047130018
1.2280000000000006 0.054272485754182954 0.9950233222006332
1.2290000000000005 0.05236222146002856 0.9952107148587213
1.2300000000000006 0.05051323696710112 0.9953915011277107
1.2310000000000008 0.048723831482130484 0.9955658934069149
1.2320000000000007 0.04699233979292085 0.9957340981799464
1.2330000000000005 0.045317132044804455 0.995896316139392
1.2340000000000007 0.04369661349108213 0.996052742310671
1.2350000000000008 0.04212922421904882 0.9962035661749601
1.2360000000000007 0.04061343885315004 0.9963489717911229
1.2370000000000005 0.03914776623677829 0.9964891379165511
1.2380000000000007 0.037730749094162214 0.9966242381268607
1.2390000000000008 0.03636096367375862 0.9967544409343575
1.2400000000000007 0.03503701937451071 0.9968799099052276
1.2410000000000005 0.033757558356286854 0.9970008037753768
1.2420000000000007 0.03252125513577408 0.99711727656488
1.2430000000000008 0.03132681616904803 0.9972294776909895
1.2440000000000007 0.0301729794219993 0.9973375520796478
1.2450000000000006 0.029058513929750132 0.9974416402754709
1.2460000000000007 0.027982219346156842 0.9975418785501727
1.2470000000000008 0.026942925484439877 0.9976383990093879
1.2480000000000007 0.025939491849948444 0.9977313296978477
1.2490000000000006 0.024970807166022454 0.9978207947029382
1.2500000000000007 0.02403578889387342 0.9979069142565405
1.2510000000000008 0.023133382747364657 0.9979898048352074
1.2520000000000007 0.02226256220353098 0.9980695792586073
1.2530000000000006 0.021422328009641296 0.9981463467862359
1.2540000000000007 0.020611707687568696 0.9982202132124229
1.2550000000000008 0.019829755036194528 0.9982912809595522
1.2560000000000007 0.01907554963253705 0.9983596491695551
1.2570000000000006 0.01834819633226054 0.9984254137936482
1.2580000000000007 0.017646824770187718 0.998488667680299
1.2590000000000008 0.01697058886140131 0.9985495006614629
1.2600000000000007 0.016318666303490874 0.9986079996370353
1.2610000000000006 0.015690258080468394 0.9986642486575891
1.2620000000000007 0.015084587968847521 0.9987183290053504
1.2630000000000008 0.014500902046347526 0.9987703192734558
1.2640000000000007 0.013938468203658575 0.9988202954434754
1.2650000000000006 0.013396575659673893 0.9988683309612337
1.2660000000000007 0.012874534480570998 0.9989144968109466
1.2670000000000008 0.012371675103094774 0.9989588615876326
1.2680000000000007 0.01188734786237138 0.9990014915679091
1.2690000000000006 0.011420922524559118 0.9990424507791009
1.2700000000000007 0.010971787824617376 0.9990818010667283
1.2710000000000008 0.010539351009454677 0.9991196021603795
1.2720000000000007 0.010123037386691522 0.9991559117379846
1.2730000000000006 0.009722289879257301 0.9991907854885153
1.2740000000000007 0.009336568586019075 0.9992242771731249
1.2750000000000008 0.008965350348620536 0.9992564386847669
1.2760000000000007 0.008608128324691457 0.9992873201062862
1.2770000000000006 0.00826441156757203 0.9993169697670323
1.2780000000000007 0.007933724612677908 0.9993454342980038
1.2790000000000008 0.007615607070618585 0.9993727586855518
1.2800000000000007 0.007309613227162615 0.9993989863236643
1.2810000000000006 0.007015311650133545 0.9994241590648507
1.2820000000000007 0.006732284803303735 0.9994483172696752
1.2830000000000008 0.006460128667341291 0.9994714998549185
1.2840000000000007 0.006198452367852446 0.9994937443404446
1.2850000000000006 0.005946877810551222 0.9995150868947571
1.2860000000000007 0.005705039323576134 0.9995355623792924
1.2870000000000008 0.005472583306964522 0.9995552043914652
1.2880000000000007 0.005249167889282847 0.9995740453064957
1.2890000000000006 0.005034462591405339 0.9995921163180447
1.2900000000000007 0.004828147997422317 0.9996094474776754
1.2910000000000008 0.004629915432652259 0.9996260677331709
1.2920000000000007 0.004439466648723764 0.999642004965739
1.2930000000000006 0.004256513515686289 0.9996572860261128
1.2940000000000007 0.0040807777211031935 0.9996719367695897
1.2950000000000008 0.003911990476072023 0.9996859820900178
1.2960000000000007 0.0037498922281133927 0.999699445952768
1.2970000000000006 0.0035942323808634065 0.999712351426704
1.2980000000000007 0.003444769020499705 0.9997247207151785
1.2990000000000008 0.0033012686488272935 0.9997365751860866
1.3000000000000007 0.0031635059229451782 0.9997479354009812
1.3010000000000006 0.0030312634014117916 0.9997588211432935
1.3020000000000007 0.002904331296823654 0.9997692514456706
1.3030000000000008 0.0027825072347180996 0.9997792446164546
1.3040000000000007 0.0026655960187087807 0.9997888182653224
1.3050000000000006 0.0025534094017591307 0.9997979893281138
1.3060000000000007 0.0024457658634981787 0.9998067740908656
1.3070000000000008 0.0023424903934798377 0.9998151882130737
1.3080000000000007 0.0022434142802854684 0.9998232467502007
1.3090000000000006 0.0021483749063683825 0.9998309641754477
1.3100000000000007 0.0020572155485374982 0.9998383544008645
1.3110000000000008 0.001969785183976211 0.9998454307976576
1.3120000000000007 0.0018859383016918206 0.9998522062159398
1.3130000000000006 0.0018055347192903214 0.9998586930037784
1.3140000000000007 0.0017284394049709416 0.9998649030255761
1.3150000000000008 0.0016545223046343636 0.9998708476799235
1.3160000000000007 0.0015836581739987884 0.9998765379167622
1.3170000000000006 0.0015157264156175079 0.999881984254014
1.3180000000000007 0.0014506109206927748 0.9998871967936329
1.3190000000000008 0.001388199915580045 0.9998921852371144
1.3200000000000007 0.0013283858128779118 0.9998969589004666
1.3210000000000006 0.0012710650669992634 0.9999015267286765
1.3220000000000007 0.0012161380341199422 0.999905897309663
1.3230000000000008 0.0011635088364022356 0.9999100788877525
1.3240000000000007 0.0011130852303908583 0.9999140793766894
1.3250000000000006 0.0010647784794805518 0.9999179063721787
1.3260000000000007 0.0010185032303554767 0.999921567163998
1.3270000000000008 0.0009741773933012731 0.9999250687476792
1.3280000000000007 0.0009317220262922301 0.9999284178357722
1.3290000000000006 0.000891061222757216 0.9999316208687126
1.3300000000000007 0.0008521220029291428 0.9999346840252997
1.3310000000000008 0.0008148342086843475 0.9999376132327977
1.3320000000000007 0.000779130401779383 0.9999404141766727
1.3330000000000006 0.0007449457653944009 0.9999430923099822
1.3340000000000007 0.0007122180088937371 0.9999456528624191
1.3350000000000009 0.0006808872757156272 0.9999481008490256
1.3360000000000007 0.0006508960543048015 0.999950441078601
1.3370000000000006 0.000622189092002968 0.9999526781617795
1.3380000000000007 0.0005947133118140355 0.9999548165188338
1.3390000000000009 0.000568417731962344 0.999956860387173
1.3400000000000007 0.0005432533881637384 0.999958813828576
1.3410000000000006 0.000519173258531115 0.9999606807361454
1.3420000000000007 0.0004961321910375064 0.9999624648410097
1.3430000000000009 0.00047408683346147483 0.9999641697187691
1.3440000000000007 0.00045299556574112575 0.9999657987957079
1.3450000000000006 0.00043281843466474985 0.9999673553547591
1.3460000000000008 0.0004135170908276971 0.9999688425412614
1.3470000000000009 0.00039505472778662083 0.9999702633684799
1.3480000000000008 0.0003773960233438682 0.999971620722935
1.3490000000000006 0.00036050708289638375 0.9999729173695105
1.3500000000000008 0.00034435538478509037 0.9999741559563813
1.3510000000000009 0.0003289097275821778 0.9999753390197441
1.3520000000000008 0.0003141401792553548 0.999976468988367
1.3530000000000006 0.0003000180281496121 0.9999775481879655
1.3540000000000008 0.000286515735728563 0.9999785788454092
1.3550000000000009 0.00027360689101894496 0.9999795630927654
1.3560000000000008 0.0002612661667032355 0.999980502971182
1.3570000000000007 0.00024946927680691354 0.9999814004346244
1.3580000000000008 0.0002381929359282685 0.9999822573534635
1.3590000000000009 0.00022741481996004534 0.9999830755179216
1.3600000000000008 0.00021711352825361517 0.9999838566413857
1.3610000000000007 0.00020726854717776288 0.9999846023635891
1.3620000000000008 0.0001978602150254436 0.9999853142536659
1.3630000000000009 0.00018886968822326523 0.9999859938130898
1.3640000000000008 0.0001802789087996338 0.9999866424784353
1.3650000000000007 0.00017207057306887878 0.9999872616243386
1.3660000000000008 0.00016422810148982695 0.999987852565598
1.3670000000000009 0.00015673560965856394 0.9999884165601596
1.3680000000000008 0.00014957788039627674 0.9999889548112701
1.3690000000000007 0.00014274033689424165 0.9999894684698204
1.3700000000000008 0.0001362090168792029 0.9999899586365493
1.3710000000000009 0.000129970547763436 0.9999904263641627
1.3720000000000008 0.00012401212274491808 0.9999908726593645
1.3730000000000007 0.00011832147782408932 0.9999912984848017
1.3740000000000008 0.00011288686970473209 0.9999917047609338
1.3750000000000009 0.00010769705454748926 0.9999920923678282
1.3760000000000008 0.0001027412675455349 0.9999924621468764
1.3770000000000007 9.800920329291286e-05 0.9999928149024476
1.3780000000000008 9.349099691695352e-05 0.999993151403464
1.379000000000001 8.917720594711984e-05 0.9999934723849184
1.3800000000000008 8.505879289352267e-05 0.9999937785493368
1.3810000000000007 8.11271085092199e-05 0.9999940705681597
1.3820000000000008 7.737387571125322e-05 0.9999943490830838
1.383000000000001 7.379117413621146e-05 0.9999946147073498
1.3840000000000008 7.037142530690362e-05 0.9999948680269566
1.3850000000000007 6.710737838749603e-05 0.9999951096018458
1.3860000000000008 6.399209650526314e-05 0.9999953399670297
1.387000000000001 6.1018943617787055e-05 0.9999955596336711
1.3880000000000008 5.8181571905203354e-05 0.9999957690901137
1.3890000000000007 5.547390966775163e-05 0.9999959688028798
1.3900000000000008 5.289014970959324e-05 0.9999961592176153
1.391000000000001 5.042473819049659e-05 0.9999963407600062
1.3920000000000008 4.807236392763148e-05 0.9999965138366437
1.3930000000000007 4.5827948130328494e-05 0.9999966788358613
1.3940000000000008 4.368663455127436e-05 0.9999968361285344
1.395000000000001 4.1643780038172144e-05 0.9999969860688492
1.3960000000000008 3.9694945470472885e-05 0.9999971289950274
1.3970000000000007 3.7835887066327856e-05 0.9999972652300361
1.3980000000000008 3.6062548045439306e-05 0.999997395082257
1.399000000000001 3.437105063400364e-05 0.999997518846124
1.4000000000000008 3.275768839842197e-05 0.9999976368027511
1.4010000000000007 3.121891889495934e-05 0.9999977492205102
1.4020000000000008 2.9751356622973553e-05 0.9999978563556019
1.403000000000001 2.835176626980302e-05 0.9999979584525869
1.4040000000000008 2.7017056235823648e-05 0.9999980557449162
1.4050000000000007 2.5744272428620207e-05 0.9999981484554119
1.4060000000000008 2.453059231561364e-05 0.9999982367967467
1.407000000000001 2.337331922488775e-05 0.9999983209718951
1.4080000000000008 2.226987688433375e-05 0.9999984011745657
1.4090000000000007 2.1217804189599997e-05 0.9999984775896165
1.4100000000000008 2.0214750191698316e-05 0.9999985503934482
1.411000000000001 1.925846929544606e-05 0.9999986197543834
1.4120000000000008 1.8346816660271627e-05 0.9999986858330345
1.4130000000000007 1.7477743795218727e-05 0.9999987487826402
1.4140000000000008 1.6649294340303608e-05 0.999998808749404
1.415000000000001 1.5859600026673105e-05 0.9999988658728112
1.4160000000000008 1.5106876808297355e-05 0.9999989202859235
1.4170000000000007 1.438942115821936e-05 0.9999989721156786
1.4180000000000008 1.370560652264023e-05 0.999999021483163
1.419000000000001 1.3053879926385845e-05 0.9999990685038733
1.4200000000000008 1.2432758723547864e-05 0.9999991132879729
1.4210000000000007 1.1840827487331388e-05 0.9999991559405348
1.4220000000000008 1.1276735033378864e-05 0.9999991965617664
1.423000000000001 1.0739191571057367e-05 0.9999992352472394
1.4240000000000008 1.0226965977415966e-05 0.9999992720880921
1.4250000000000007 9.738883188728594e-06 0.999999307171235
1.4260000000000008 9.273821704735534e-06 0.9999993405795434
1.427000000000001 8.830711200891372e-06 0.9999993723920452
1.4280000000000008 8.408530244112904e-06 0.9999994026840849
1.4290000000000007 8.006304107699175e-06 0.9999994315275046
1.4300000000000008 7.6231026812691504e-06 0.9999994589908011
1.431000000000001 7.2580384717278665e-06 0.9999994851392703
1.4320000000000008 6.910264691431377e-06 0.9999995100351663
1.4330000000000007 6.578973429875769e-06 0.999999533737835
1.4340000000000008 6.263393905381952e-06 0.9999995563038467
1.435000000000001 5.962790793393308e-06 0.9999995777871254
1.4360000000000008 5.676462628135658e-06 0.9999995982390711
1.4370000000000007 5.4037402745250704e-06 0.9999996177086752
1.4380000000000008 5.1439854673345315e-06 0.9999996362426317
1.439000000000001 4.896589414750869e-06 0.999999653885442
1.4400000000000008 4.660971463572911e-06 0.9999996706795199
1.4410000000000007 4.436577823412273e-06 0.9999996866652854
1.4420000000000008 4.222880347369161e-06 0.9999997018812555
1.443000000000001 4.019375366757035e-06 0.9999997163641325
1.4440000000000008 3.825582577551472e-06 0.9999997301488965
1.4450000000000007 3.641043976334849e-06 0.999999743268873
1.4460000000000008 3.465322843600309e-06 0.9999997557558147
1.447000000000001 3.2980027723672675e-06 0.9999997676399817
1.4480000000000008 3.138686740146602e-06 0.9999997789501978
1.4490000000000007 2.9869962223741514e-06 0.9999997897139264
1.4500000000000008 2.84257034551172e-06 0.9999997999573325
1.451000000000001 2.7050650780890133e-06 0.999999809705343
1.4520000000000008 2.5741524580319615e-06 0.9999998189817005
1.4530000000000007 2.4495198546940192e-06 0.9999998278090271
1.4540000000000008 2.3308692640728235e-06 0.9999998362088671
1.455000000000001 2.2179166357585378e-06 0.9999998442017451
1.4560000000000008 2.1103912302223664e-06 0.99999985180721
1.4570000000000007 2.008035005112344e-06 0.9999998590438801
1.4580000000000009 1.910602029280149e-06 0.9999998659294911
1.459000000000001 1.8178579233175913e-06 0.9999998724809317
1.4600000000000009 1.7295793254322574e-06 0.9999998787142882
1.4610000000000007 1.6455533815433369e-06 0.9999998846448794
1.4620000000000009 1.565577258525573e-06 0.9999998902872959
1.463000000000001 1.4894576795754793e-06 0.9999998956554278
1.4640000000000009 1.4170104807182734e-06 0.999999900762506
1.4650000000000007 1.3480601875157664e-06 0.9999999056211275
1.4660000000000009 1.2824396110767982e-06 0.9999999102432883
1.467000000000001 1.2199894625094957e-06 0.9999999146404097
1.4680000000000009 1.1605579849928747e-06 0.9999999188233675
1.4690000000000007 1.1040006026803504e-06 0.9999999228025154
1.4700000000000009 1.0501795856822534e-06 0.9999999265877119
1.471000000000001 9.989637304069945e-07 0.9999999301883443
1.4720000000000009 9.502280545719167e-07 0.9999999336133469
1.4730000000000008 9.038535062249601e-07 0.9999999368712275
1.4740000000000009 8.597266861472741e-07 0.9999999399700832
1.475000000000001 8.177395830340727e-07 0.9999999429176236
1.4760000000000009 7.777893208777639e-07 0.99999994572119
1.4770000000000008 7.397779180025206e-07 0.999999948387765
1.4780000000000009 7.036120572238515e-07 0.9999999509240002
1.479000000000001 6.692028666297242e-07 0.999999953336226
1.4800000000000009 6.364657105020866e-07 0.9999999556304646
1.4810000000000008 6.053199899188595e-07 0.9999999578124527
1.4820000000000009 5.756889525969849e-07 0.999999959887646
1.483000000000001 5.474995115562992e-07 0.9999999618612427
1.4840000000000009 5.206820722028237e-07 0.9999999637381837
1.4850000000000008 4.951703674478795e-07 0.9999999655231746
1.4860000000000009 4.709013004965918e-07 0.9999999672206935
1.487000000000001 4.478147949553445e-07 0.9999999688350029
1.4880000000000009 4.2585365192386823e-07 0.999999970370156
1.4890000000000008 4.049634137521102e-07 0.9999999718300143
1.4900000000000009 3.8509223415672356e-07 0.999999973218247
1.491000000000001 3.661907544054126e-07 0.999999974538354
1.4920000000000009 3.4821198529061814e-07 0.9999999757936556
1.4930000000000008 3.3111119462646853e-07 0.9999999769873172
1.4940000000000009 3.1484580001487454e-07 0.9999999781223513
1.495000000000001 2.9937526663824436e-07 0.9999999792016189
1.4960000000000009 2.8466100984689225e-07 0.9999999802278484
1.4970000000000008 2.706663023201013e-07 0.9999999812036329
1.4980000000000009 2.5735618558945907e-07 0.9999999821314385
1.499000000000001 2.4469738572288556e-07 0.9999999830136129
1.5000000000000009 2.326582329766573e-07 0.9999999838523902
1.5010000000000008 2.212085852317675e-07 0.9999999846498946
1.5020000000000007 2.1031975503906186e-07 0.9999999854081462
1.503000000000001 1.9996444010568288e-07 0.9999999861290703
1.504000000000001 1.9011665706299485e-07 0.9999999868144935
1.5050000000000008 1.8075167836333491e-07 0.9999999874661576
1.5060000000000007 1.7184597216006992e-07 0.999999988085719
1.507000000000001 1.6337714503192329e-07 0.9999999886747497
1.508000000000001 1.5532388741901437e-07 0.9999999892347495
1.5090000000000008 1.476659216440178e-07 0.9999999897671424
1.5100000000000007 1.4038395239774902e-07 0.9999999902732835
1.511000000000001 1.3345961957397856e-07 0.9999999907544619
1.512000000000001 1.2687545334353685e-07 0.9999999912119047
1.5130000000000008 1.206148313628657e-07 0.9999999916467776
1.5140000000000007 1.1466193801700102e-07 0.9999999920601887
1.515000000000001 1.0900172560155426e-07 0.9999999924531948
1.516000000000001 1.0361987735268926e-07 0.9999999928267994
1.5170000000000008 9.850277223823117e-08 0.999999993181954
1.5180000000000007 9.363745142717625e-08 0.9999999935195691
1.519000000000001 8.901158635855364e-08 0.9999999938405075
1.520000000000001 8.46134483343745e-08 0.9999999941455889
1.5210000000000008 8.043187956480537e-08 0.999999994435595
1.5220000000000007 7.645626559709487e-08 0.9999999947112677
1.523000000000001 7.267650906292517e-08 0.9999999949733134
1.524000000000001 6.908300468192067e-08 0.999999995222403
1.5250000000000008 6.566661546191403e-08 0.9999999954591753
1.5260000000000007 6.241865003937962e-08 0.9999999956842375
1.527000000000001 5.933084110603033e-08 0.9999999958981666
1.528000000000001 5.639532487014932e-08 0.9999999961015127
1.5290000000000008 5.360462150355758e-08 0.9999999962947963
1.5300000000000007 5.0951616527503706e-08 0.9999999964785149
1.531000000000001 4.8429543092854075e-08 0.9999999966531411
1.532000000000001 4.6031965112128955e-08 0.9999999968191211
1.5330000000000008 4.375276120285825e-08 0.9999999969768846
1.5340000000000007 4.158610940367724e-08 0.9999999971268356
1.535000000000001 3.952647262636185e-08 0.9999999972693603
1.536000000000001 3.7568584808752925e-08 0.9999999974048267
1.5370000000000008 3.570743773514356e-08 0.999999997533582
1.5380000000000007 3.393826849230885e-08 0.9999999976559577
1.539000000000001 3.225654753081747e-08 0.9999999977722706
1.540000000000001 3.0657967302735864e-08 0.9999999978828193
1.5410000000000008 2.9138431448147713e-08 0.9999999979878896
1.5420000000000007 2.769404450427852e-08 0.9999999980877512
1.543000000000001 2.6321102112183694e-08 0.9999999981826623
1.544000000000001 2.5016081697198268e-08 0.9999999982728688
1.5450000000000008 2.3775633600436592e-08 0.9999999983586019
1.5460000000000007 2.2596572639724757e-08 0.9999999984400837
1.547000000000001 2.1475870079362327e-08 0.9999999985175243
1.548000000000001 2.0410645989097402e-08 0.999999998591125
1.5490000000000008 1.9398161973612626e-08 0.9999999986610739
1.5500000000000007 1.8435814254726227e-08 0.9999999987275532
1.551000000000001 1.752112708934997e-08 0.9999999987907346
1.552000000000001 1.6651746507045186e-08 0.9999999988507802
1.5530000000000008 1.5825434351798198e-08 0.999999998907847
1.5540000000000007 1.5040062613365324e-08 0.9999999989620819
1.555000000000001 1.4293608034228465e-08 0.9999999990136238
1.556000000000001 1.3584146978880567e-08 0.9999999990626097
1.5570000000000008 1.2909850552779349e-08 0.9999999991091632
1.5580000000000007 1.2268979958925148e-08 0.9999999991534055
1.559000000000001 1.1659882080586951e-08 0.999999999195452
1.560000000000001 1.1080985279248803e-08 0.9999999992354103
1.5610000000000008 1.0530795397374715e-08 0.9999999992733847
1.5620000000000007 1.0007891956086809e-08 0.9999999993094747
1.563000000000001 9.510924538325692e-09 0.9999999993437713
1.564000000000001 9.038609348513658e-09 0.9999999993763654
1.5650000000000008 8.589725940169705e-09 0.9999999994073413
1.5660000000000007 8.163114103342852e-09 0.9999999994367785
1.567000000000001 7.757670904111424e-09 0.9999999994647533
1.568000000000001 7.372347868775542e-09 0.9999999994913398
1.5690000000000008 7.0061483057183866e-09 0.999999999516605
1.5700000000000007 6.658124758257152e-09 0.9999999995406144
1.571000000000001 6.327376582116951e-09 0.9999999995634331
1.572000000000001 6.013047641476893e-09 0.9999999995851164
1.5730000000000008 5.7143241178183305e-09 0.9999999996057231
1.5740000000000007 5.430432426095641e-09 0.9999999996253075
1.575000000000001 5.160637233002558e-09 0.9999999996439174
1.576000000000001 4.904239572368416e-09 0.9999999996616029
1.5770000000000008 4.660575052950371e-09 0.9999999996784109
1.5780000000000007 4.429012154124395e-09 0.9999999996943827
1.579000000000001 4.2089506051882875e-09 0.9999999997095613
1.580000000000001 3.999819844201816e-09 0.9999999997239866
1.5810000000000008 3.8010775524825695e-09 0.9999999997376939
1.5820000000000007 3.6122082610678976e-09 0.9999999997507214
1.583000000000001 3.43272202562836e-09 0.9999999997631012
1.584000000000001 3.262153166491089e-09 0.999999999774865
1.5850000000000009 3.100059070590744e-09 0.9999999997860454
1.5860000000000007 2.9460190523234526e-09 0.9999999997966709
1.587000000000001 2.7996332704222745e-09 0.9999999998067669
1.588000000000001 2.6605216981158604e-09 0.9999999998163628
1.5890000000000009 2.5283231439615943e-09 0.9999999998254816
1.5900000000000007 2.4026943208750763e-09 0.9999999998341464
1.591000000000001 2.2833089609944026e-09 0.9999999998423817
1.592000000000001 2.169856974135906e-09 0.9999999998502082
1.5930000000000009 2.0620436477041432e-09 0.9999999998576445
1.5940000000000007 1.9595888860255647e-09 0.9999999998647129
1.595000000000001 1.8622264871724323e-09 0.9999999998714297
1.596000000000001 1.7697034554385153e-09 0.9999999998778122
1.5970000000000009 1.6817793477171177e-09 0.9999999998838791
1.5980000000000008 1.5982256521181025e-09 0.999999999889643
1.599000000000001 1.5188251972409417e-09 0.9999999998951213
1.600000000000001 1.443371590598487e-09 0.999999999900328
1.6010000000000009 1.3716686847591179e-09 0.9999999999052752
1.6020000000000008 1.3035300698460105e-09 0.9999999999099773
1.603000000000001 1.2387785910969683e-09 0.9999999999144464
1.604000000000001 1.1772458902537949e-09 0.9999999999186925
1.6050000000000009 1.1187719696079507e-09 0.9999999999227287
1.6060000000000008 1.0632047775890746e-09 0.9999999999265626
1.607000000000001 1.0103998148353578e-09 0.9999999999302069
1.608000000000001 9.602197597381752e-10 0.999999999933671
1.6090000000000009 9.125341125015078e-10 0.9999999999369621
1.6100000000000008 8.67218856804769e-10 0.9999999999400901
1.611000000000001 8.241561382015383e-10 0.9999999999430622
1.612000000000001 7.832339584296311e-10 0.9999999999458862
1.6130000000000009 7.443458848478888e-10 0.9999999999485711
1.6140000000000008 7.073907742543866e-10 0.9999999999511215
1.615000000000001 6.722725103763193e-10 0.9999999999535446
1.616000000000001 6.388997543576038e-10 0.9999999999558478
1.6170000000000009 6.071857076023354e-10 0.9999999999580359
1.6180000000000008 5.770478863648818e-10 0.9999999999601151
1.619000000000001 5.484079075062609e-10 0.9999999999620905
1.620000000000001 5.211912848657793e-10 0.999999999963967
1.6210000000000009 4.953272357233703e-10 0.9999999999657498
1.6220000000000008 4.707484968543938e-10 0.9999999999674439
1.623000000000001 4.4739114970282166e-10 0.9999999999690523
1.624000000000001 4.2519445422214215e-10 0.9999999999705803
1.6250000000000009 4.041006909555388e-10 0.9999999999720324
1.6260000000000008 3.840550109479349e-10 0.9999999999734099
1.6270000000000011 3.6500529310271893e-10 0.9999999999747184
1.628000000000001 3.4690200861470245e-10 0.999999999975961
1.629000000000001 3.2969809212934553e-10 0.9999999999771398
1.6300000000000008 3.133488192954199e-10 0.9999999999782595
1.6310000000000011 2.9781169039459153e-10 0.9999999999793218
1.632000000000001 2.8304631974719186e-10 0.9999999999803286
1.633000000000001 2.690143306080434e-10 0.9999999999812846
1.6340000000000008 2.556792552806257e-10 0.9999999999821905
1.6350000000000011 2.430064401910006e-10 0.9999999999830498
1.636000000000001 2.3096295567580168e-10 0.999999999983864
1.637000000000001 2.1951751025075438e-10 0.9999999999846345
1.6380000000000008 2.0864036913762857e-10 0.9999999999853653
1.6390000000000011 1.98303276838586e-10 0.9999999999860558
1.640000000000001 1.884793835572993e-10 0.9999999999867091
1.641000000000001 1.7914317527600398e-10 0.9999999999873278
1.6420000000000008 1.7027040730733203e-10 0.9999999999879108
1.6430000000000011 1.6183804114845116e-10 0.999999999988462
1.644000000000001 1.538241844738033e-10 0.9999999999889826
1.645000000000001 1.4620803411063168e-10 0.999999999989472
1.6460000000000008 1.3896982184935867e-10 0.999999999990349
1.6470000000000011 1.3209076294808815e-10 0.9999999999908266
1.648000000000001 1.255530071975449e-10 0.9999999999912784
1.649000000000001 1.193395924192841e-10 0.9999999999917085
1.6500000000000008 1.1343440027644064e-10 0.9999999999921179
1.6510000000000011 1.078221142821207e-10 0.9999999999925061
1.652000000000001 1.024881798963524e-10 0.9999999999928759
1.653000000000001 9.741876660780784e-11 0.9999999999932273
1.6540000000000008 9.260073190175581e-11 0.9999999999935604
1.6550000000000011 8.802158702049692e-11 0.999999999993879
1.656000000000001 8.366946442725061e-11 0.9999999999941804
1.657000000000001 7.95330868888229e-11 0.9999999999944665
1.6580000000000008 7.560173809661396e-11 0.9999999999947395
1.6590000000000011 7.186523474952092e-11 0.9999999999949987
1.660000000000001 6.831390002605445e-11 0.9999999999952442
1.661000000000001 6.493853837658852e-11 0.9999999999954796
1.6620000000000008 6.173041157015388e-11 0.9999999999957011
1.6630000000000011 5.868121593336035e-11 0.9999999999959122
1.664000000000001 5.578306072217811e-11 0.9999999999961141
1.665000000000001 5.302844757023661e-11 0.9999999999963047
1.6660000000000008 5.0410250960100865e-11 0.9999999999964873
1.6670000000000011 4.7921699666642265e-11 0.9999999999966601
1.668000000000001 4.555635912414572e-11 0.9999999999968238
1.669000000000001 4.330811467119423e-11 0.9999999999969803
1.6700000000000008 4.1171155629663214e-11 0.9999999999971282
1.6710000000000012 3.913996017632639e-11 0.9999999999972694
1.672000000000001 3.720928096762759e-11 0.9999999999974041
1.673000000000001 3.537413148012649e-11 0.9999999999975308
1.6740000000000008 3.3629773031030346e-11 0.9999999999976533
1.6750000000000012 3.197170244493533e-11 0.999999999997768
1.676000000000001 3.03956403346289e-11 0.999999999997877
1.677000000000001 2.8897519965380593e-11 0.9999999999979824
1.6780000000000008 2.7473476673680076e-11 0.9999999999980812
1.6790000000000012 2.611983781281757e-11 0.9999999999981745
1.680000000000001 2.4833113199084664e-11 0.9999999999982654
1.681000000000001 2.36099860336554e-11 0.9999999999983499
1.6820000000000008 2.2447304276486265e-11 0.9999999999984306
1.6830000000000012 2.134207244970793e-11 0.9999999999985073
1.684000000000001 2.029144384913745e-11 0.999999999998581
1.685000000000001 1.9292713143576535e-11 0.9999999999986505
1.6860000000000008 1.8343309342596753e-11 0.9999999999987177
1.6870000000000012 1.7440789114448774e-11 0.9999999999987795
1.688000000000001 1.6582830436675203e-11 0.9999999999988393
1.689000000000001 1.5767226562836387e-11 0.9999999999988968
1.6900000000000008 1.4991880289628245e-11 0.9999999999989503
1.6910000000000012 1.4254798509413934e-11 0.9999999999990018
1.692000000000001 1.3554087033963903e-11 0.9999999999990501
1.693000000000001 1.2887945675889795e-11 0.9999999999990962
1.6940000000000008 1.2254663574943682e-11 0.9999999999991409
1.6950000000000012 1.1652614756978606e-11 0.9999999999991824
1.696000000000001 1.1080253913991254e-11 0.9999999999992224
1.697000000000001 1.053611239422239e-11 0.9999999999992609
1.6980000000000008 1.0018794391864608e-11 0.9999999999992955
1.6990000000000012 9.526973326425463e-12 0.9999999999993303
1.700000000000001 9.059388402306305e-12 0.999999999999363
1.701000000000001 8.614841339611115e-12 0.9999999999993932
1.7020000000000008 8.19219326766769e-12 0.9999999999994236
1.7030000000000012 7.790361773145635e-12 0.9999999999994517
1.704000000000001 7.4083180950785e-12 0.9999999999994773
1.705000000000001 7.0450844594674136e-12 0.9999999999995036
1.7060000000000008 6.6997315465164454e-12 0.9999999999995266
1.7070000000000012 6.371376083893695e-12 0.9999999999995492
1.708000000000001 6.0591785597397775e-12 0.9999999999995719
1.709000000000001 5.7623410494581535e-12 0.9999999999995922
1.7100000000000009 5.480105150624277e-12 0.9999999999996119
1.7110000000000012 5.211750020624357e-12 0.9999999999996314
1.712000000000001 4.956590511910314e-12 0.9999999999996482
1.713000000000001 4.713975400006433e-12 0.9999999999996652
1.7140000000000009 4.483285699652273e-12 0.9999999999996804
1.7150000000000012 4.263933064688695e-12 0.999999999999696
1.716000000000001 4.055358267519757e-12 0.9999999999997143
1.717000000000001 3.857029754185649e-12 0.999999999999728
1.7180000000000009 3.668442271282762e-12 0.9999999999997405
1.7190000000000012 3.489115561152954e-12 0.999999999999754
1.720000000000001 3.318593121943373e-12 0.9999999999997663
1.721000000000001 3.1564410293050607e-12 0.9999999999997767
1.7220000000000009 3.0022468166641046e-12 0.9999999999997881
1.7230000000000012 2.8556184111472966e-12 0.9999999999997983
1.724000000000001 2.7161831223926254e-12 0.9999999999998073
1.725000000000001 2.5835866816110302e-12 0.9999999999998179
1.7260000000000009 2.457492328399446e-12 0.9999999999998259
1.7270000000000012 2.3375799429268216e-12 0.9999999999998341
1.728000000000001 2.2235452212356765e-12 0.9999999999998431
1.729000000000001 2.1150988915126527e-12 0.9999999999998499
1.7300000000000009 2.011965969290188e-12 0.999999999999858
1.7310000000000012 1.9138850496406276e-12 0.9999999999998644
1.732000000000001 1.8206076345231455e-12 0.9999999999998704
1.733000000000001 1.7318974935334421e-12 0.9999999999998771
1.7340000000000009 1.647530056394943e-12 0.9999999999998825
1.7350000000000012 1.5672918356119854e-12 0.999999999999888
1.736000000000001 1.4909798777846945e-12 0.9999999999998942
1.737000000000001 1.4184012421593396e-12 0.9999999999998985
1.7380000000000009 1.3493725050602047e-12 0.9999999999999046
1.7390000000000012 1.2837192889150757e-12 0.9999999999999089
1.740000000000001 1.2212758146515513e-12 0.9999999999979116
1.741000000000001 1.1618844763018591e-12 0.9999999999999175
1.7420000000000009 1.105395436711918e-12 0.9999999999999214
1.7430000000000012 1.051666243305195e-12 0.9999999999999247
1.744000000000001 1.0005614629046512e-12 0.9999999999999288
1.745000000000001 9.51952334664721e-13 0.9999999999999325
1.7460000000000009 9.057164402138944e-13 0.9999999999999353
1.7470000000000012 8.617373901517372e-13 0.9999999999999387
1.748000000000001 8.19904526088172e-13 0.9999999999999418
1.749000000000001 7.801126374521382e-13 0.9999999999999452
1.7500000000000009 7.422616923361041e-13 0.9999999999999482
1.7510000000000012 7.062565816788942e-13 0.9999999999999495
1.7520000000000011 6.720068761243295e-13 0.9999999999999524
1.753000000000001 6.39426594925695e-13 0.9999999999999554
1.754000000000001 6.084339862981672e-13 0.9999999999999563
1.7550000000000012 5.7895131865023e-13 0.9999999999999586
1.7560000000000011 5.509046821541395e-13 0.9999999999999614
1.757000000000001 5.24223800141804e-13 0.9999999999999624
1.758000000000001 4.988418498385059e-13 0.9999999999999655
1.7590000000000012 4.746952919706633e-13 0.9999999999999666
1.7600000000000011 4.5172370880741303e-13 0.9999999999999676
1.761000000000001 4.298696502170788e-13 0.9999999999999704
1.762000000000001 4.090784873411155e-13 0.9999999999999704
1.7630000000000012 3.892982735073288e-13 0.9999999999999722
1.7640000000000011 3.7047961202332756e-13 0.9999999999999745
1.765000000000001 3.5257553050870707e-13 0.9999999999999745
1.766000000000001 3.3554136144183504e-13 0.999999999999976
1.7670000000000012 3.193346286128873e-13 0.9999999999999781
1.7680000000000011 3.039149391902778e-13 0.9999999999999779
1.769000000000001 2.8924388112208256e-13 0.9999999999999799
1.770000000000001 2.7528492560809567e-13 0.9999999999999802
1.7710000000000012 2.6200333439102587e-13 0.9999999999999811
1.7720000000000011 2.493660716280198e-13 0.9999999999999825
1.773000000000001 2.373417201155412e-13 0.999999999999983
1.774000000000001 2.2590040165183445e-13 0.9999999999999835
1.7750000000000012 2.1501370133202117e-13 0.9999999999999856
1.7760000000000011 2.0465459558103526e-13 0.9999999999999856
1.777000000000001 1.947973837391201e-13 0.9999999999999859
1.778000000000001 1.8541762302414948e-13 0.9999999999999876
1.7790000000000012 1.7649206670338462e-13 0.9999999999999866
1.7800000000000011 1.6799860531587266e-13 0.9999999999999881
1.781000000000001 1.599162107944053e-13 0.9999999999999892
1.782000000000001 1.522248833435604e-13 0.9999999999999883
1.7830000000000013 1.4490560093742287e-13 0.9999999999999892
1.7840000000000011 1.3794027130734452e-13 0.9999999999999907
1.785000000000001 1.313116862965472e-13 0.9999999999999895
1.786000000000001 1.2500347846451635e-13 0.9999999999999902
1.7870000000000013 1.1900007982988795e-13 0.9999999999999916
1.7880000000000011 1.132866826460913e-13 0.9999999999999912
1.789000000000001 1.0784920210921434e-13 0.999999999999992
1.790000000000001 1.0267424090260986e-13 0.9999999999999916
1.7910000000000013 9.774905548741885e-14 0.999999999999992
1.7920000000000011 9.30615240527604e-14 0.9999999999999928
1.793000000000001 8.86001160435358e-14 0.9999999999999926
1.794000000000001 8.435386318795808e-14 0.9999999999999936
1.7950000000000013 8.031233195068237e-14 0.9999999999999938
1.7960000000000012 7.646559734116348e-14 0.9999999999999933
1.797000000000001 7.280421801027927e-14 0.9999999999999941
1.798000000000001 6.931921257166931e-14 0.9999999999999946
1.7990000000000013 6.600203708727605e-14 0.9999999999999941
1.8000000000000012 6.284456365968697e-14 0.9999999999999949
1.801000000000001 5.983906007659557e-14 0.9999999999999948
1.802000000000001 5.697817045554357e-14 0.9999999999999964
1.8030000000000013 5.425489683954111e-14 0.9999999999999957
1.8040000000000012 5.1662581696707216e-14 0.9999999999999271
1.805000000000001 4.9194891279323674e-14 0.999999999999916
1.806000000000001 4.684579979995278e-14 0.9999999999999963
1.8070000000000013 4.460957438433303e-14 0.9999999999999961
1.8080000000000012 4.248076076276543e-14 0.9999999999999967
1.809000000000001 4.0454169663607086e-14 0.9999999999999972
1.810000000000001 3.8524863874278125e-14 0.9999999999999971
1.8110000000000013 3.6688145936905017e-14 0.9999999999999972
1.8120000000000012 3.493954644734337e-14 0.9999999999999972
1.813000000000001 3.327481292786173e-14 0.9999999999999969
1.814000000000001 3.168989924526401e-14 0.999999999999998
1.8150000000000013 3.0180955547584486e-14 0.9999999999999979
1.8160000000000012 2.8744318693850275e-14 0.9999999999999972
1.817000000000001 2.7376503152636353e-14 0.9999999999999984
1.818000000000001 2.6074192346369107e-14 0.9999999999999982
1.8190000000000013 2.4834230419440977e-14 0.9999999999999979
1.8200000000000012 2.3653614409307033e-14 0.9999999999999982
1.821000000000001 2.2529486800741293e-14 0.9999999999999984
1.822000000000001 2.1459128444425854e-14 0.9999999999999988
1.8230000000000013 2.0439951821969292e-14 0.9999999999999984
1.8240000000000012 1.9469494640327905e-14 0.999999999999999
1.825000000000001 1.8545413739447933e-14 0.9999999999999987
1.826000000000001 1.766547929775261e-14 0.9999999999999982
1.8270000000000013 1.682756932083942e-14 0.9999999999999984
1.8280000000000012 1.6029664399492358e-14 0.9999999999999992
1.829000000000001 1.5269842723780178e-14 0.999999999999999
1.830000000000001 1.4546275340685142e-14 0.9999999999999992
1.8310000000000013 1.3857221643303548e-14 0.9999999999999994
1.8320000000000012 1.320102508026723e-14 0.9999999999999992
1.833000000000001 1.2576109074577048e-14 0.9999999999999994
1.834000000000001 1.1980973141589045e-14 0.9999999999999987
1.8350000000000013 1.1414189196385331e-14 0.9999999999999992
1.8360000000000012 1.0874398041250317e-14 0.9999999999999992
1.837000000000001 1.036030602442272e-14 0.999999999999999
1.838000000000001 9.870681861739344e-15 0.9999999999999992
1.8390000000000013 9.404353613184762e-15 0.9999999999999994
1.8400000000000012 8.960205806771208e-15 0.9999999999999988
1.841000000000001 8.537176702521751e-15 0.9999999999999992
1.842000000000001 8.134255689714565e-15 1.0
1.8430000000000013 7.750480810854835e-15 0.9999999999999988
1.8440000000000012 7.384936406181934e-15 0.9999999999999992
1.845000000000001 7.036750872810872e-15 0.9999999999999996
1.846000000000001 6.705094532905561e-15 0.9999999999999992
1.8470000000000013 6.389177605551905e-15 0.9999999999999996
1.8480000000000012 6.088248277260837e-15 0.9999999999999996
1.849000000000001 5.801590866282184e-15 0.9999999999999992
1.850000000000001 5.528524076147552e-15 0.9999999999999992
1.8510000000000013 5.268399334079312e-15 0.999999999999999
1.8520000000000012 5.0205992101266584e-15 0.999999999999999
1.853000000000001 4.784535913082847e-15 0.9999999999999994
1.854000000000001 4.5596498594372525e-15 0.999999999999999
1.8550000000000013 4.345408311799867e-15 0.9999999999999994
1.8560000000000012 4.141304083405135e-15 0.999999999999999
1.857000000000001 3.946854305475038e-15 0.999999999999999
1.858000000000001 3.7615992543738325e-15 0.9999999999999996
1.8590000000000013 3.5851012356409846e-15 0.9999999999999992
1.8600000000000012 3.4169435221290248e-15 0.9999999999999998
1.861000000000001 3.2567293436089456e-15 0.9999999999999996
1.862000000000001 3.104080925337431e-15 1.0
1.8630000000000013 2.95863857319947e-15 1.0
1.8640000000000012 2.8200598031597472e-15 1.0
1.865000000000001 2.6880185128642353e-15 1.0
1.866000000000001 2.5622041933413522e-15 1.0
1.8670000000000013 2.442321178851433e-15 0.9999999999999996
1.8680000000000012 2.328087933028415e-15 0.9999999999999994
1.869000000000001 2.2192363695485866e-15 1.0000000000000007
1.870000000000001 2.1155112056475433e-15 1.0
1.8710000000000013 2.016669346889355e-15 0.9999999999999988
1.8720000000000012 1.922479301667646e-15 1.0000000000000002
1.873000000000001 1.83272062399535e-15 1.0000000000000004
1.874000000000001 1.7471833832081152e-15 1.0000000000000004
1.8750000000000013 1.6656676592751924e-15 1.0
1.8760000000000012 1.5879830624737683e-15 0.9999999999999998
1.8770000000000011 1.5139482762446342e-15 0.9999999999999992
1.878000000000001 1.443390622104294e-15 0.9999999999999998
1.8790000000000013 1.3761456455435235e-15 0.9999999999999992
1.8800000000000012 1.3120567218943566e-15 0.9999999999999994
1.8810000000000011 1.2509746811974083e-15 1.0
1.882000000000001 1.192757451148615e-15 0.9999999999999996
1.8830000000000013 1.1372697172489749e-15 0.9999999999999994
1.8840000000000012 1.0843825993241294e-15 1.0
1.8850000000000011 1.0339733436205747e-15 0.9999999999999994
1.886000000000001 9.8592502972436e-16 0.9999999999999994
1.8870000000000013 9.40126291585011e-16 1.0000000000000002
1.8880000000000012 8.964710519613409e-16 0.9999999999999996
1.8890000000000011 8.548582696404152e-16 1.0000000000000002
1.890000000000001 8.151916988114367e-16 1.0000000000000004
1.8910000000000013 7.773796600067771e-16 0.9999999999999998
1.8920000000000012 7.413348220511556e-16 1.0
1.8930000000000011 7.069739944865958e-16 1.0
1.894000000000001 6.742179299672308e-16 1.0
1.8950000000000014 6.429911361422158e-16 0.9999999999999998
1.8960000000000012 6.132216965686466e-16 0.9999999999999994
1.8970000000000011 5.848411002183339e-16 1.0000000000036988
1.898000000000001 5.577840791638666e-16 1.0
1.8990000000000014 5.319884540490929e-16 0.9999999999999988
1.9000000000000012 5.073949869686615e-16 0.9999999999998261
1.9010000000000011 4.839472413991379e-16 0.9999999999999992
1.902000000000001 4.615914488418537e-16 1.0
1.9030000000000014 4.402763818539361e-16 0.9999999999999998
1.9040000000000012 4.1995323315978133e-16 0.9999999999999996
1.9050000000000011 4.0057550054975836e-16 0.9999999999999996
1.906000000000001 3.820988772879152e-16 0.9999999999999998
1.9070000000000014 3.6448114776302826e-16 1.0000000000000007
1.9080000000000013 3.4768208813085293e-16 0.9999999999999996
1.9090000000000011 3.316633717073487e-16 0.9999999999999996
1.910000000000001 3.163884788842885e-16 1.0
1.9110000000000014 3.0182261134990087e-16 0.9999999999999998
1.9120000000000013 2.879326104073715e-16 1.0
1.9130000000000011 2.7468687919444715e-16 0.9999999999999996
1.914000000000001 2.620553086165749e-16 1.0000000000000004
1.9150000000000014 2.5000920681522834e-16 1.0000000000000004
1.9160000000000013 2.3852123200170324e-16 0.9999999999999992
1.9170000000000011 2.2756532849469327e-16 1.0
1.918000000000001 2.171166658080014e-16 1.0
1.9190000000000014 2.0715158064202718e-16 0.9999999999999998
1.9200000000000013 1.9764752163971247e-16 0.9999999999999996
1.9210000000000012 1.8858299677432658e-16 1.0000000000000004
1.922000000000001 1.7993752324312243e-16 1.0
1.9230000000000014 1.7169157974654153e-16 1.0
1.9240000000000013 1.638265610388544e-16 1.0000000000000007
1.9250000000000012 1.5632473464134415e-16 0.9999999999999998
1.926000000000001 1.4916919961452774e-16 0.9999999999999996
1.9270000000000014 1.4234384729087155e-16 1.0000000000000007
1.9280000000000013 1.3583332387415196e-16 0.9999999999999996
1.9290000000000012 1.296229948161797e-16 0.9999999999999996
1.930000000000001 1.2369891088589244e-16 0.9999999999999996
1.9310000000000014 1.180477758499074e-16 1.0000000000000007
1.9320000000000013 1.1265691568751173e-16 0.9999999999999992
1.9330000000000012 1.0751424926675128e-16 0.9999999999999994
1.934000000000001 1.0260826041187689e-16 0.9999999999999996
1.9350000000000014 9.792797129565804e-17 0.9999999999999998
1.9360000000000013 9.346291709336146e-17 0.9999999999999994
1.9370000000000012 8.920312183815056e-17 0.9999999999999998
1.938000000000001 8.513907542060357e-17 0.9999999999999998
1.9390000000000014 8.126171167779966e-17 0.9999999999999998
1.9400000000000013 7.756238751999457e-17 1.0
1.9410000000000012 7.403286304544998e-17 0.9999999999999996
1.942000000000001 7.0665282596319e-17 1.0
1.9430000000000014 6.745215671079001e-17 1.0
1.9440000000000013 6.438634492876421e-17 1.0000000000000002
1.9450000000000012 6.146103941047214e-17 1.0000000000000002
1.946000000000001 5.866974932932945e-17 0.9999999999999996
1.9470000000000014 5.600628600218412e-17 1.0000000000000002
1.9480000000000013 5.346474872192065e-17 1.0
1.9490000000000012 5.1039511258976345e-17 1.0
1.950000000000001 4.872520900001794e-17 1.0000000000000002
1.9510000000000014 4.651672669349391e-17 1.0000000000000002
1.9520000000000013 4.440918677321954e-17 0.9999999999999998
1.9530000000000012 4.239793823256473e-17 0.9999999999999998
1.954000000000001 4.047854602309535e-17 0.9999999999999996
1.9550000000000014 3.864678095279058e-17 1.0
1.9560000000000013 3.68986100601328e-17 0.9999999999999998
1.9570000000000012 3.5230187441485366e-17 0.999999999999999
1.958000000000001 3.3637845510298937e-17 1.0
1.9590000000000014 3.2118086667653197e-17 0.9999999999999992
1.9600000000000013 3.066757536465895e-17 0.9999999999999998
1.9610000000000012 2.928313053815239e-17 0.9999999999999994
1.962000000000001 2.796171840201434e-17 1.0000000000000002
1.9630000000000014 2.6700445577271537e-17 0.9999999999999998
1.9640000000000013 2.549655254496561e-17 0.999999999999999
1.9650000000000012 2.4347407406495937e-17 1.0000000000000002
1.966000000000001 2.325049993692289e-17 1.0000000000000002
1.9670000000000014 2.2203435917367333e-17 0.9999999999999994
1.9680000000000013 2.120393173332089e-17 1.0000000000000002
1.9690000000000012 2.0249809226302533e-17 0.9999999999999994
1.970000000000001 1.9338990786903184e-17 0.9999999999999998
1.9710000000000014 1.8469494677813364e-17 1.0000000000000002
1.9720000000000013 1.763943057598896e-17 0.9999999999999998
1.9730000000000012 1.6846995323604768e-17 0.9999999999999994
1.974000000000001 1.6090468877961397e-17 1.0000000000000002
1.9750000000000014 1.536821045095519e-17 1.0000000000000002
1.9760000000000013 1.467865482918144e-17 0.9999999999999996
1.9770000000000012 1.402030886615491e-17 0.9999999999999998
1.978000000000001 1.3391748138548618e-17 1.0000000000000002
1.9790000000000014 1.2791613758719085e-17 0.9999999999999994
1.9800000000000013 1.2218609336167515e-17 1.0
1.9810000000000012 1.1671498080925141e-17 1.0
1.982000000000001 1.1149100042189551e-17 1.0000000000000004
1.9830000000000014 1.0650289475847391e-17 1.0
1.9840000000000013 1.0173992334833366e-17 1.0000000000000004
1.9850000000000012 9.719183876540463e-18 1.0
1.986000000000001 9.284886381795067e-18 1.0000000000000009
1.9870000000000014 8.870166980150423e-18 1.0000000000000004
1.9880000000000013 8.474135576510011e-18 1.0000000000000004
1.9890000000000012 8.095942874324037e-18 1.0
1.990000000000001 7.73477849082977e-18 0.9999999999999998
1.9910000000000014 7.38986916001871e-18 1.0000000000000002
1.9920000000000013 7.060477019217692e-18 1.0000000000000004
1.9930000000000012 6.7458979753651364e-18 0.9999999999999998
1.994000000000001 6.4454601472492415e-18 0.9999999999999996
1.9950000000000014 6.158522380149411e-18 1.0000000000000007
1.9960000000000013 5.884472829493023e-18 0.9999999999999994
1.9970000000000012 5.6227276102960895e-18 0.9999999999999992
1.998000000000001 5.372729509309516e-18 1.0
1.9990000000000014 5.133946756940331e-18 0.9999999999999998
2.0000000000000013 4.905871856152152e-18 0.9999999999999996
