D prob percentile
0.01 0.0 0.0
0.02 0.0 0.0
0.03 0.0 0.0
0.04 0.0 0.0
0.05 0.0 0.0
0.060000000000000005 0.0 0.0
0.06999999999999999 0.0 0.0
0.08 0.0 0.0
0.09 0.0 0.0
0.09999999999999999 0.0 0.0
0.11 0.0 0.0
0.12 0.0 0.0
0.13 0.0 0.0
0.14 0.0 0.0
0.15000000000000002 0.0 0.0
0.16 0.0 0.0
0.17 8.218625969200986e-295 3.112688253417726e-299
0.18000000000000002 1.0372097651114279e-258 5.054542350691394e-263
0.19 2.0573528975846506e-228 1.2487081163435556e-232
0.2 9.19129288169974e-203 6.771982973542557e-207
0.21000000000000002 7.083414788244015e-181 6.208873658932087e-185
0.22 4.561258209407284e-162 4.6822661467145546e-166
0.23 8.458563695843597e-146 1.0045706479444288e-149
0.24000000000000002 1.2050149020188288e-131 1.640248495123936e-135
0.25 2.8935526652666105e-119 4.4815316506577714e-123
0.26 2.210144172645023e-108 3.8727387242069197e-112
0.27 9.010428096414827e-99 1.7780794415275156e-102
0.28 2.9993734484359297e-90 6.640121245562694e-94
0.29000000000000004 1.1587887323422097e-82 2.868359969633745e-86
0.3 6.963873189946047e-76 1.921514919153769e-79
0.31 8.320305571244482e-70 2.5518925676177075e-73
0.32 2.430417457086641e-64 8.263438229001886e-68
0.33 2.068109024924345e-59 7.774697519941516e-63
0.34 5.951432354505822e-55 2.4676130427087848e-58
0.35000000000000003 6.580738741081035e-51 3.0021497232540295e-54
0.36000000000000004 3.1202539901009985e-47 1.5626031580823688e-50
0.37 6.97428338068041e-44 3.8256171315465914e-47
0.38 7.977105876213855e-41 4.782732178873342e-44
0.39 5.014499018283596e-38 3.279560952223366e-41
0.4 1.84376422724303e-35 1.312869266722566e-38
0.41000000000000003 4.1877206323348826e-33 3.240651679073794e-36
0.42000000000000004 6.164058884351315e-31 5.174980336371427e-34
0.43 6.133709481234198e-29 5.57746781306331e-32
0.44 4.2831782694166114e-27 4.2118260549047886e-30
0.45 2.1695544843386856e-25 2.303644145547858e-28
0.46 8.209381025192617e-24 9.398870122167091e-27
0.47000000000000003 2.3821307912127757e-22 2.936695586949125e-25
0.48000000000000004 5.426233548159889e-21 7.193722928464259e-24
0.49 9.90843406891394e-20 1.4108487920680153e-22
0.5 1.4778987398681189e-18 2.2574686315871334e-21
0.51 1.8312695598350726e-17 2.99732607354971e-20
0.52 1.9139683022632853e-16 3.353085586333982e-19
0.53 1.7106254244539558e-15 3.2043194068350553e-18
0.54 1.3237453841130788e-14 2.6486058031465272e-17
0.55 8.969480133533967e-14 1.9150951647332006e-16
0.56 5.376195415971344e-13 1.2237786768510195e-15
0.5700000000000001 2.8771056566140824e-12 6.975869765196721e-15
0.5800000000000001 1.3863618454259274e-11 3.5773256936783454e-14
0.59 6.061511991062476e-11 1.6631855329218203e-13
0.6 2.4217098769799184e-10 7.060109076565116e-13
0.61 8.897993643062449e-10 2.7540716727134934e-12
0.62 3.0244592092373706e-09 9.93118250981511e-12
0.63 9.561666852881863e-09 3.328469219551609e-11
0.64 2.8255465317884987e-08 1.0420044727303882e-10
0.65 7.84031302745836e-08 3.061015505465479e-10
0.66 2.0513894427644183e-07 8.473522069569846e-10
0.67 5.080721506809394e-07 2.218978620826886e-09
0.68 1.1954023017211147e-06 5.516846225944785e-09
0.6900000000000001 2.6806788767334755e-06 1.30652121582793e-08
0.7000000000000001 5.7469876640652464e-06 2.9563844361714358e-08
0.7100000000000001 1.1812038405332853e-05 6.409976865220938e-08
0.72 2.3336351033838822e-05 1.3351962909503707e-07
0.73 4.4423897754219886e-05 2.678466666799909e-07
0.74 8.166814494283481e-05 5.186370425634351e-07
0.75 0.00014529430602045 9.713846321655414e-07
0.76 0.00025063887845380657 1.7632741127750386e-06
0.77 0.0004199890122360438 3.1077153065251525e-06
0.78 0.000684776856249048 5.327130809125959e-06
0.79 0.0010880890077467145 8.895379762186852e-06
0.8 0.0016874111765084728 1.4490956789827466e-05
0.81 0.0025574869561189205 2.30616941442824e-05
0.8200000000000001 0.0037931316834213893 3.5901120204895876e-05
0.8300000000000001 0.005511812418480314 5.473591286491318e-05
0.8400000000000001 0.007855787252900093 8.182307242900827e-05
0.85 0.01099359454245663 0.00012005458229747024
0.86 0.015120696844956044 0.00017306649273231042
0.87 0.02045911518628538 0.00024534862241958066
0.88 0.0272559349270109 0.0003423504892345719
0.89 0.035780621630526165 0.0004705787097635336
0.9 0.046321149536311244 0.0006376809849508285
0.91 0.059179011538434786 0.000852511935570522
0.92 0.07466324293548388 0.001125176464284028
0.93 0.09308364707374354 0.0014670469792698142
0.9400000000000001 0.11474345561029482 0.0018907516791043797
0.9500000000000001 0.1399316868437068 0.0024101321179447765
0.9600000000000001 0.16891548099917575 0.003040169384061763
0.97 0.20193269134418745 0.0037968793701686236
0.98 0.23918499549351946 0.004697178729196773
0.99 0.2808317640926806 0.005758724138393435
1.0 0.32698488676016535 0.006999728391089524
1.01 0.37770471062472427 0.008438757563599852
1.02 0.4329971980489515 0.010094514041092306
1.03 0.4928123601217452 0.011985610519792533
1.04 0.5570439738854435 0.01413034023396152
1.05 0.6255305462810401 0.01654644859512583
1.06 0.6980574481963423 0.019250911196669048
1.07 0.7743601090124352 0.0222597227538008
1.08 0.8541281363744644 0.025587701045755303
1.09 0.9370102078021542 0.029248309334398752
1.1 1.0226195700349676 0.03325350008193468
1.11 1.1105399781775567 0.03761358210937655
1.12 1.2003319090280617 0.042337112653633414
1.1300000000000001 1.2915388905244811 0.0474308151177388
1.1400000000000001 1.383693801032711 0.05289952268532127
1.1500000000000001 1.476325007199729 0.0587461474020972
1.1600000000000001 1.5689622263116962 0.06497167382503198
1.17 1.661142017605761 0.0715751759110186
1.18 1.7524128259620515 0.07855385546501834
1.19 1.842339520143893 0.08590310019302703
1.2 1.9305073856814678 0.09361655920579766
1.21 2.0165255491570617 0.10168623369064708
1.22 2.1000298257212284 0.11010258040504683
1.23 2.1806849949336793 0.11885462564005066
1.24 2.258186521364928 0.127930087346286
1.25 2.3322617457844927 0.13731550320229738
1.26 2.402670580237694 0.1469963625265408
1.27 2.4692057459701116 0.15695724008265283
1.28 2.5316925971312445 0.16718192999557044
1.29 2.5899885756397576 0.1776535781771071
1.3 2.6439823437016354 0.18835481184783323
1.31 2.693592640427114 0.19926786493245874
1.32 2.738766907979408 0.2103746982940442
1.33 2.779479730889086 0.22165711395467935
1.34 2.8157311297528715 0.23309686262391544
1.35 2.8475447476606877 0.24467574401902092
1.36 2.8749659645006416 0.2563756996114548
1.37 2.898059970901489 0.26817889757078267
1.3800000000000001 2.9169098300923286 0.28006780980001417
1.3900000000000001 2.9316145524786212 0.29202528106483167
1.4000000000000001 2.9422872043258024 0.3040345903135816
1.4100000000000001 2.9490530686644147 0.31607950436558646
1.42 2.952047873428672 0.3281443242130139
1.43 2.951416098946274 0.34021392423690716
1.44 2.947309374232823 0.3522737846819978
1.45 2.9398849691224176 0.36431001776855454
1.46 2.929304387092217 0.3763093878437225
1.47 2.915732061711951 0.3882593259906537
1.48 2.899334157963514 0.4001479395221961
1.49 2.880277478221409 0.4119640167879325
1.5 2.858728471448551 0.42369702771991496
1.51 2.83485234312975 0.4353371205343567
1.52 2.808812262620317 0.4468751149946187
1.53 2.7807686639133986 0.458302492625809
1.54 2.7508786353093213 0.46961138425387206
1.55 2.719295393087137 0.48079455522273234
1.56 2.686167834015761 0.49184538862248167
1.57 2.651640161384758 0.5027578668400706
1.58 2.6158515791674093 0.5135265517221476
1.59 2.5789360489385205 0.5241465636175299
1.6 2.541022104243044 0.5346135595451114
1.61 2.50223271723843 0.5449237107113434
1.62 2.46268521260275 0.5550736795807972
1.6300000000000001 2.422491223903313 0.5650605966831316
1.6400000000000001 2.381756687848527 0.5748820373206297
1.6500000000000001 2.340581872091967 0.5845359983222612
1.6600000000000001 2.2990614325159666 0.5940208749730249
1.6700000000000002 2.257284496187313 0.6033354382312408
1.68 2.215334766445238 0.6124788123314094
1.69 2.173290646848321 0.6214504528563619
1.7 2.1312253809687887 0.6302501253495532
1.71 2.0892072052779347 0.6388778845265736
1.72 2.047299512612645 0.6473340541341881
1.73 2.0055610239490194 0.6556192074954448
1.74 1.9640459664336969 0.6637341487705407
1.75 1.9228042558357832 0.6716798949552153
1.76 1.8818816817819608 0.6794576586313255
1.77 1.8413200943241579 0.6870688314779588
1.78 1.8011575905627977 0.6945149685458631
1.79 1.7614287002096543 0.7017977732930869
1.8 1.7221645691226717 0.7089190833754664
1.81 1.6833931399811946 0.7158808571819258
1.82 1.645139329394595 0.7226851611014158
1.83 1.607425200850379 0.7293341575056459
1.84 1.5702701330104374 0.7358300934295772
1.85 1.5336909829566936 0.7421752899298004
1.86 1.4977022440703918 0.7483721320994824
1.87 1.46231619830356 0.7544230597174187
1.8800000000000001 1.427543062667286 0.7603305585078901
1.8900000000000001 1.3933911298198385 0.7660971519874136
1.9000000000000001 1.3598669026892256 0.7717253938741218
1.9100000000000001 1.326975223109688 0.7772178610353164
1.9200000000000002 1.29471939449089 0.7825771469487532
1.93 1.263101298572248 0.7878058556533533
1.94 1.2321215063437225 0.7929065961653186
1.95 1.2017793832389672 0.797881977336422
1.96 1.1720731887270415 0.802734603128382
1.97 1.143000170445967 0.8074670682894968
1.98 1.1145566530349957 0.8120819543968804
1.99 1.0867381218333583 0.81658182625763
2.0 1.0595393016215526 0.820969228639488
2.01 1.032954230587295 0.8252466833140428
2.02 1.0069763297023893 0.8294166863928972
2.03 0.9815984676991149 0.8334817059384289
2.04 0.9568130218356056 0.837444179831543
2.05 0.9326119346393345 0.8413065138795752
2.0599999999999996 0.9089867668161936 0.8450710801483003
2.07 0.88592874651027 0.8487402155027377
2.0799999999999996 0.8634288150960915 0.852316220342208
2.09 0.8414776696811671 0.8558013575158326
2.0999999999999996 0.8200658024922257 0.8591978514053787
2.11 0.7991835373135409 0.8625078871630535
2.1199999999999997 0.7788210631405276 0.8657336100925348
2.13 0.7589684652062141 0.8688771251621702
2.1399999999999997 0.7396157535324974 0.8719404966399229
2.15 0.7207528891521942 0.8749257478402396
2.1599999999999997 0.702369808142005 0.8778348609736069
2.17 0.6844564436005306 0.8806697770901247
2.1799999999999997 0.6670027456995523 0.8834323961089557
2.19 0.649998699930881 0.886124576964605
2.1999999999999997 0.6334343436653049 0.8887481375928422
2.21 0.6172997811344203 0.8913048555597477
2.2199999999999998 0.60158519694059 0.8937964679773923
2.23 0.5862808681948191 0.8962246720505971
2.2399999999999998 0.5713771753770661 0.8985911254392067
2.25 0.5568646120084044 0.9008974467008823
2.26 0.5427337932194949 0.9031452157711595
2.27 0.5289754632950915 0.9053359744764168
2.28 0.515580502269735 0.9074712270757261
2.29 0.5025399316453716 0.9095524408278544
2.3 0.4898449192974772 0.9115810465799576
2.31 0.4774867836322237 0.9135584393747855
2.32 0.46545699705340904 0.9154859790734494
2.3299999999999996 0.45374718879420595 0.917364990991052
2.34 0.4423491471653457 0.919196766542682
2.3499999999999996 0.43125482126802034 0.9209825638974897
2.36 0.42045632221667173 0.9227236086387559
2.3699999999999997 0.4099459239138837 0.9244210944280199
2.38 0.3997160634167556 0.9260761836715372
2.3899999999999997 0.3897593409315217 0.9276900081874582
2.4 0.3800685194706289 0.929263669872284
2.4099999999999997 0.37063652420416343 0.9307982413652871
2.42 0.36145644153525475 0.9322947667097037
2.4299999999999997 0.3525215179270072 0.9337542620096294
2.44 0.34382515850651935 0.9351777160816581
2.4499999999999997 0.33536092546970747 0.9365660911003909
2.46 0.327122536308885 0.9379203232370608
2.4699999999999998 0.3191038618834482 0.9392413232905794
2.48 0.3112989243524367 0.940529977310409
2.4899999999999998 0.3037018949863439 0.9417871472107271
2.5 0.29630709187417437 0.9430136713754246
2.51 0.28910897754049775 0.9442103652535463
2.52 0.28210215648607906 0.9453780219448186
2.53 0.2752813726645456 0.9465174127749941
2.54 0.2686415069065381 0.9476292878607666
2.55 0.26217757430183825 0.948714376664061
2.56 0.2558847215490567 0.9497733885355589
2.57 0.24975822428165376 0.950807013247328
2.5799999999999996 0.2437934843782708 0.95181592151449
2.59 0.2379860272646498 0.9528007655058695
2.5999999999999996 0.23233149921373933 0.953762179343606
2.61 0.22682566464995998 0.9547007795917353
2.6199999999999997 0.22146440346304458 0.9556171657337639
2.63 0.21624370833630713 0.9565119206392918
2.6399999999999997 0.21115968209373048 0.957385611019747
2.65 0.20620853506977727 0.9582387878733196
2.6599999999999997 0.20138658250542438 0.9590719869191947
2.67 0.1966902419735197 0.9598857290211951
2.6799999999999997 0.1921160308362047 0.9606805206009658
2.69 0.18766056373680975 0.9614568540408314
2.6999999999999997 0.1833205501283226 0.9622152080764708
2.71 0.17909279184025392 0.962956048179569
2.7199999999999998 0.17497418068545614 0.9636798269305964
2.73 0.17096169610821785 0.9643869843818949
2.7399999999999998 0.16705240287474277 0.9650779484112253
2.75 0.1632434488069096 0.9657531350659684
2.76 0.15953206256004218 0.9664129488981458
2.77 0.1559155514452391 0.967057783290446
2.78 0.15239129929666842 0.9676880207734402
2.79 0.14895676438408953 0.9683040333341701
2.8 0.14560947737074553 0.9689061827162936
2.81 0.14234703931664433 0.9694948207119732
2.82 0.13916711972715887 0.9700702894456955
2.8299999999999996 0.13606745464676948 0.9706329216502011
2.84 0.13304584479769702 0.9711830409347183
2.8499999999999996 0.13010015376310002 0.9717209620456689
2.86 0.1272283062144378 0.9722469911200459
2.8699999999999997 0.12442828618254549 0.9727614259316254
2.88 0.12169813537191565 0.9732645561302038
2.8899999999999997 0.119035951517631 0.9737566634740263
2.9 0.11643988678435307 0.9742380220555859
2.9099999999999997 0.11390814620674075 0.9747088985209592
2.92 0.11143898617063525 0.9751695522828545
2.9299999999999997 0.10903071293432896 0.9756202357275245
2.94 0.10668168118920507 0.9760611944157211
2.9499999999999997 0.10439029265902873 0.9764926672778396
2.96 0.10215499473714315 0.9769148868034164
2.9699999999999998 0.0999742791608218 0.9773280792251308
2.98 0.09784668072201322 0.977732464697458
2.9899999999999998 0.0957707760137124 0.9781282574701308
3.0 0.09374518221118656 0.97851566605654
3.01 0.09176855588728361 0.9788948933972258
3.02 0.08983959186104602 0.9792661370185933
3.03 0.08795702207886684 0.9796295891869886
3.04 0.0861196145274116 0.9799854370582594
3.05 0.08432617217754876 0.9803338628229424
3.06 0.082575531958531 0.9806750438471933
3.07 0.08086656376167665 0.9810091528095767
3.08 0.07919816947281058 0.981336357833851
3.09 0.07756928203273308 0.9816568226178489
3.0999999999999996 0.07597886452499311 0.981970706558572
3.11 0.07442590929025487 0.9822781648736169
3.1199999999999997 0.07290943706655642 0.982579348719024
3.13 0.07142849615477133 0.9828744053036704
3.1399999999999997 0.06998216160859587 0.9831634780003009
3.15 0.06856953444839659 0.9834467064532882
3.1599999999999997 0.06718974089826782 0.9837242266832431
3.17 0.06584193164565576 0.9839961711885147
3.1799999999999997 0.06452528112292728 0.9842626690437715
3.19 0.06323898681026652 0.9845238459956267
3.1999999999999997 0.061982268559302 0.9847798245554894
3.21 0.06075436793687578 0.9850307240896831
3.2199999999999998 0.05955454758838126 0.9852766609069202
3.23 0.05838209062011145 0.9855177483432171
3.2399999999999998 0.057236300000068976 0.9857540968443163
3.25 0.056116497976704045 0.9859858140457013
3.26 0.05502202551506225 0.9862130048502648
3.27 0.05395224174983114 0.9864357715037111
3.28 0.05290652345479358 0.9866542136677534
3.29 0.05188426452820426 0.9868684284911748
3.3 0.05088487549362063 0.9870785106788188
3.31 0.04990778301572978 0.9872845525585657
3.32 0.04895242943072844 0.9874866441463653
3.33 0.048018272290819404 0.9876848732093734
3.34 0.047104783922406905 0.9878793253272552
3.3499999999999996 0.04621145099757732 0.9880700839517111
3.36 0.04533777411847047 0.9882572304642784
3.3699999999999997 0.04448326741414953 0.9884408442324518
3.38 0.043647458149597064 0.9886210026641905
3.3899999999999997 0.04282988634646857 0.988797781260846
3.4 0.042030104415248855 0.9889712536685591
3.4099999999999997 0.04124767679846585 0.9891414917281841
3.42 0.04048217962462601 0.9893085655237696
3.4299999999999997 0.03973320037254591 0.9894725434296466
3.44 0.039000337545762806 0.9896334921561692
3.4499999999999997 0.038283200356719206 0.9897914767941388
3.46 0.03758140842042059 0.9899465608579595
3.4699999999999998 0.036894591457279635 0.9900988063275599
3.48 0.03622238900486409 0.990248273689043
3.4899999999999998 0.035564450138278234 0.9903950219745161
3.5 0.0349204331989113 0.9905391088003003
3.51 0.03429000553129923 0.990680590404001
3.52 0.0336728432278485 0.9908195216814326
3.53 0.03306863088118359 0.9909559562214476
3.54 0.03247706134388222 0.9910899463402972
3.55 0.0318978354953728 0.9912215431149226
3.56 0.03133066201577444 0.99135079641531
3.57 0.03077525716646568 0.9914777549359333
3.58 0.03023134457717608 0.9916024662263135
3.59 0.029698655039400345 0.9917249767207187
3.5999999999999996 0.029176926305940164 0.9918453317670367
3.61 0.028665902896387024 0.9919635756548333
3.6199999999999997 0.02816533590836268 0.9920797516426352
3.63 0.027674982834340396 0.992193901984445
3.6399999999999997 0.02719460738387694 0.9923060679555242
3.65 0.026723979311088056 0.992416289877456
3.6599999999999997 0.026262874247207385 0.9925246071425162
3.67 0.025811073538072896 0.9926310582373686
3.6799999999999997 0.025368364086389882 0.9927356807661043
3.69 0.024934538198624005 0.9928385114726476
3.6999999999999997 0.024509393436383073 0.992939586262544
3.71 0.024092732472149745 0.9930389402241507
3.7199999999999998 0.023684362949232814 0.9931366076492437
3.73 0.023284097345807192 0.9932326220530644
3.7399999999999998 0.022891752842919066 0.9933270161938131
3.75 0.022507151196333775 0.9934198220916168
3.76 0.02213011861211046 0.993511071046975
3.77 0.02176048562578927 0.9936007936587093
3.78 0.02139808698508129 0.993689019841422
3.79 0.021042761535954746 0.9937757788424848
3.8 0.02069435211201417 0.9938610992585679
3.81 0.02035270542707266 0.993945009051722
3.82 0.020017671970820192 0.9940275355650292
3.83 0.019689105907494037 0.9941087055378327
3.84 0.019366864977461106 0.9941885451205585
3.8499999999999996 0.019050810401623132 0.9942670798891405
3.86 0.018740806788560032 0.9943443348590587
3.8699999999999997 0.018436722044328738 0.9944203344990075
3.88 0.018138427284837368 0.9944951027441943
3.8899999999999997 0.017845796750716784 0.9945686630092916
3.9 0.017558707724615253 0.9946410382014591
3.9099999999999997 0.01727704045084262 0.9947122507305237
3.92 0.017000678057293807 0.9947823225251151
3.9299999999999997 0.01672950647958317 0.9948512750401131
3.94 0.016463414387323797 0.994919129270068
3.9499999999999997 0.016202293112487203 0.994985905759814
3.96 0.015946036579781598 0.9950516246152113
3.9699999999999998 0.01569454123898831 0.9951163055136075
3.98 0.015447705999198261 0.9951799677140264
3.9899999999999998 0.015205432164891565 0.9952426300670922
4.0 0.014967623373805755 0.995304311024695
4.01 0.014734185536539903 0.9953650286494075
4.02 0.014505026777842364 0.9954248006236558
4.03 0.014280057379532824 0.9954836442586559
4.04 0.01405918972501065 0.9955415765031191
4.05 0.013842338245301938 0.9955986139517333
4.06 0.013629419366600653 0.995654772853426
4.07 0.013420351459259398 0.9957100691194206
4.08 0.013215054788187651 0.9957645183310782
4.09 0.013013451464615494 0.9958181357475491
4.1 0.012815465399183767 0.9958709363132232
4.109999999999999 0.012621022256321016 0.9959229346649924
4.12 0.01243004940986991 0.9959741451393335
4.13 0.012242475899927078 0.9960245817792037
4.14 0.012058232390860233 0.9960742583407713
4.1499999999999995 0.011877251130469044 0.9961231882999709
4.16 0.011699465910256302 0.996171384858895
4.17 0.011524812026777163 0.9962188609520289
4.18 0.01135322624403502 0.9962656292523235
4.1899999999999995 0.011184646756894585 0.9963117021771226
4.2 0.011019013155481526 0.9963570918939396
4.21 0.010856266390541689 0.9964018103260894
4.22 0.01069634873973107 0.9964458691581832
4.2299999999999995 0.010539203774810596 0.9964892798414882
4.24 0.010384776329719294 0.9965320535991488
4.25 0.01023301246950134 0.9965742014312874
4.26 0.010083859460061384 0.9966157341199742
4.27 0.009937265738726268 0.9966566622340751
4.28 0.009793180885588369 0.9966969961339857
4.29 0.009651555595609651 0.9967367459762418
4.3 0.00951234165146421 0.9967759217180273
4.31 0.009375491897098355 0.9968145331215613
4.32 0.009240960211988307 0.9968525897583899
4.33 0.009108701486075718 0.9968901010135637
4.34 0.008978671595361155 0.9969270760897223
4.35 0.008850827378138386 0.9969635240110762
4.36 0.008725126611850154 0.996999453627293
4.37 0.008601527990548934 0.9970348736172919
4.38 0.008479991102945093 0.9970697925315235
4.39 0.008360476411026312 0.9971042186026932
4.3999999999999995 0.008242945229232503 0.9971381601350711
4.41 0.008127359704170334 0.9971716251221548
4.42 0.008013682794852676 0.9972046214429188
4.43 0.007901878253448128 0.9972371568265221
4.4399999999999995 0.0077919106065269 0.9972692388555104
4.45 0.007683745136788677 0.9973008749689448
4.46 0.007577347865260001 0.9973320724654585
4.47 0.00747268553394726 0.9973628385062374
4.4799999999999995 0.007369725588933503 0.9973931801179368
4.49 0.007268436163906679 0.9974231041955204
4.5 0.0071687860641071015 0.9974526175050452
4.51 0.00707074475068337 0.997481726686371
4.52 0.006974282325444802 0.9975104382558111
4.53 0.006879369516000057 0.997538758608724
4.54 0.006785977661271425 0.9975666940220383
4.55 0.006694078697374419 0.9975942506567262
4.56 0.0066036451438525375 0.9976214345602155
4.57 0.006514650090258185 0.9976482516687479
4.58 0.006427067183069803 0.997674707809682
4.59 0.006340870612936455 0.9977008087037456
4.6 0.006256035102240963 0.9977265599672331
4.61 0.006172535892972897 0.9977519671141567
4.62 0.006090348734903505 0.9977770355583451
4.63 0.006009449874053807 0.9978017706154952
4.64 0.005929816041448799 0.9978261775051815
4.6499999999999995 0.005851424442149481 0.9978502613528126
4.66 0.005774252744555734 0.997874027191549
4.67 0.005698279069972545 0.9978974799641768
4.68 0.005623481982432807 0.9979206245249377
4.6899999999999995 0.005549840478769791 0.9979434656413173
4.7 0.005477333978932557 0.997966007995799
4.71 0.005405942316538308 0.9979882561875704
4.72 0.005335645729654834 0.998010214734196
4.7299999999999995 0.005266424851807544 0.9980318880732564
4.74 0.005198260703204844 0.9980532805639414
4.75 0.005131134682176341 0.9980743964886181
4.76 0.0050650285568180865 0.998095240054357
4.77 0.004999924456839688 0.998115815394429
4.78 0.004935804865607872 0.9981361265697657
4.79 0.004872652612381427 0.9981561775703901
4.8 0.004810450864732552 0.9981759723168165
4.81 0.0047491831211497635 0.9981955146614163
4.82 0.004688833203817747 0.9982148083897581
4.83 0.004629385251569431 0.9982338572219154
4.84 0.004570823713005945 0.9982526648137481
4.85 0.004513133339780166 0.9982712347581538
4.86 0.004456299180039536 0.9982895705862963
4.87 0.004400306572024214 0.9983076757688013
4.88 0.004345141137816393 0.9983255537169303
4.89 0.00429078877723711 0.9983432077837314
4.8999999999999995 0.00423723566188672 0.9983606412651593
4.91 0.004184468229325318 0.9983778574011768
4.92 0.004132473177389626 0.9983948593768275
4.93 0.004081237458642857 0.9984116503232935
4.9399999999999995 0.004030748274954146 0.9984282333189207
4.95 0.003980993072204403 0.9984446113902313
4.96 0.003931959535115263 0.9984607875129067
4.97 0.00388363558219805 0.9984767646127579
4.9799999999999995 0.00383600936081987 0.9984925455666686
4.99 0.0037890692423836704 0.9985081332035214
5.0 0.0037428038176196997 0.9985235303051043
5.01 0.003697201891985273 0.9985387396069993
5.02 0.0036522524811703734 0.9985537637994492
5.03 0.0036079448067063355 0.9985686055282078
5.04 0.003564268291675165 0.9985832673953754
5.05 0.0035212125565168145 0.9985977519602122
5.06 0.0034787674149321657 0.998612061739936
5.07 0.0034369228698792383 0.9986261992105073
5.08 0.003395669109660406 0.9986401668073918
5.09 0.0033549965040983393 0.9986539669263115
5.1 0.003314895600798451 0.9986676019239802
5.11 0.003275357121495832 0.9986810741188216
5.12 0.003236371958484508 0.9986943857916747
5.13 0.0031979311711270155 0.9987075391864825
5.14 0.0031600259824424285 0.9987205365109711
5.1499999999999995 0.0031226477757708214 0.9987333799373087
5.16 0.0030857880915123254 0.998746071602756
5.17 0.003049438623939022 0.9987586136103019
5.18 0.003013591218077917 0.9987710080292854
5.1899999999999995 0.0029782378666631166 0.9987832568960069
5.2 0.002943370707155821 0.9987953622143247
5.21 0.0029089820188301784 0.9988073259562421
5.22 0.002875064219923678 0.9988191500624795
5.2299999999999995 0.0028416098648504228 0.9988308364430394
5.24 0.0028086116414757175 0.9988423869777551
5.25 0.0027760623684506738 0.9988538035168321
5.26 0.0027439549926052053 0.9988650878813783
5.27 0.002712282586398131 0.9988762418639199
5.28 0.002681038345423132 0.9988872672289139
5.29 0.0026502155859688685 0.9988981657132427
5.3 0.0026198077426325124 0.9989089390267063
5.31 0.00258980836598494 0.9989195888524978
5.32 0.002560211120286625 0.9989301168476754
5.33 0.0025310097812529836 0.9989405246436219
5.34 0.0025021982338680644 0.9989508138464944
5.35 0.0024737704702452253 0.9989609860376696
5.36 0.00244572058753407 0.9989710427741744
5.37 0.002418042785872171 0.9989809855891147
5.38 0.0023907313663808208 0.998990815992088
5.39 0.0023637807292036335 0.9990005354695963
5.3999999999999995 0.002337185371587083 0.9990101454854444
5.41 0.0023109398860018857 0.9990196474811345
5.42 0.0022850389583044728 0.9990290428762504
5.43 0.002259477365937427 0.9990383330688368
5.4399999999999995 0.002234249976168087 0.9990475194357712
5.45 0.0022093517443644616 0.9990566033331236
5.46 0.0021847777123074983 0.9990655860965184
5.47 0.0021605230065389843 0.9990744690414791
5.4799999999999995 0.0021365828367441563 0.9990832534637775
5.49 0.0021129524941683217 0.9990919406397637
5.5 0.0020896273500666455 0.9991005318267017
5.51 0.0020666028541863482 0.9991090282630911
5.52 0.0020438745332806486 0.9991174311689858
5.53 0.0020214379896536564 0.9991257417463046
5.54 0.001999288899735505 0.9991339611791386
5.55 0.001977423012687132 0.9991420906340501
5.56 0.0019558361490339122 0.9991501312603686
5.57 0.00193452419932763 0.9991580841904785
5.58 0.001913483122835994 0.999165950540104
5.59 0.001892708946259232 0.999173731408586
5.6 0.0018721977624730718 0.999181427879157
5.61 0.001851945729297481 0.9991890410192062
5.62 0.0018319490682907175 0.9991965718805471
5.63 0.0018122040635680022 0.99920402149967
5.64 0.0017927070606443172 0.9992113908980014
5.6499999999999995 0.0017734544653008081 0.999218681082147
5.66 0.0017544427424742233 0.999225893044141
5.67 0.001735668415168927 0.9992330277616819
5.68 0.0017171280633909475 0.9992400861983685
5.6899999999999995 0.0016988183231035963 0.9992470693039333
5.7 0.001680735885204154 0.9992539780144661
5.71 0.0016628774945212311 0.9992608132526382
5.72 0.0016452399488322638 0.9992675759279194
5.7299999999999995 0.0016278200979007553 0.9992742669367951
5.74 0.0016106148425327773 0.9992808871629744
5.75 0.0015936211336524079 0.9992874374775983
5.76 0.0015768359713956097 0.9992939187394416
5.77 0.0015602564042221565 0.9993003317951148
5.78 0.0015438795280452449 0.9993066774792557
5.79 0.001527702485378397 0.9993129566147253
5.8 0.0015117224644992581 0.999319170012796
5.81 0.0014959366986299653 0.999325318473335
5.82 0.001480342465133708 0.9993314027849889
5.83 0.0014649370847270844 0.9993374237253606
5.84 0.0014497179207080494 0.9993433820611876
5.85 0.0014346823781989067 0.9993492785485101
5.86 0.001419827903404268 0.999355113932845
5.87 0.0014051519828834765 0.9993608889493508
5.88 0.0013906521428372351 0.9993666043229894
5.89 0.0013763259484081802 0.9993722607686896
5.8999999999999995 0.0013621710029950546 0.9993778589915027
5.91 0.0013481849475802342 0.9993833996867582
5.92 0.0013343654600702474 0.9993888835402176
5.93 0.001320710254649135 0.9993943112282218
5.9399999999999995 0.0013072170811442426 0.9993996834178387
5.95 0.001293883724404276 0.9994050007670083
5.96 0.001280708003689376 0.9994102639246847
5.97 0.0012676877720728334 0.9994154735309746
5.9799999999999995 0.001254820915854367 0.9994206302172756
5.99 0.001242105353984597 0.9994257346064096
6.0 0.0012295390375005272 0.9994307873127559
6.01 0.0012171199489718226 0.999435788942381
6.02 0.0012048461019576121 0.9994407400931682
6.03 0.0011927155404736589 0.9994456413549385
6.04 0.0011807263384695985 0.9994504933095784
6.05 0.001168876599316135 0.9994552965311614
6.06 0.0011571644553018936 0.9994600515860639
6.07 0.0011455880671398264 0.9994647590330846
6.08 0.0011341456234828715 0.9994694194235598
6.09 0.0011228353404487495 0.9994740333014763
6.1 0.0011116554611537133 0.9994786012035827
6.11 0.0011006042552549973 0.9994831236594982
6.12 0.0010896800185018615 0.9994876011918222
6.13 0.001078881072294998 0.9994920343162372
6.14 0.0010682057632542018 0.9994964235416153
6.15 0.0010576524627940397 0.9995007693701188
6.16 0.0010472195667074473 0.9995050722973025
6.17 0.0010369054947570423 0.9995093328122101
6.18 0.0010267086902739791 0.9995135513974733
6.1899999999999995 0.0010166276197642688 0.9995177285294063
6.2 0.0010066607725223423 0.9995218646781017
6.21 0.0009968066602517305 0.9995259603075193
6.22 0.0009870638166927142 0.9995300158755804
6.2299999999999995 0.000977430797256869 0.9995340318342553
6.24 0.0009679061786682059 0.9995380086296519
6.25 0.0009584885586109878 0.9995419467021018
6.26 0.0009491765553839082 0.9995458464862454
6.27 0.0009399688075606065 0.9995497084111162
6.28 0.0009308639736563558 0.9995535329002203
6.29 0.0009218607318008011 0.9995573203716211
6.3 0.0009129577794166595 0.9995610712380167
6.31 0.0009041538329042043 0.9995647859068172
6.32 0.0008954476273314846 0.9995684647802308
6.33 0.0008868379161301289 0.9995721082553117
6.34 0.0008783234707966053 0.9995757167240737
6.35 0.0008699030805988925 0.9995792905735377
6.36 0.0008615755522883973 0.99958283018581
6.37 0.0008533397098170365 0.999586335938154
6.38 0.0008451943940593766 0.9995898082030589
6.39 0.0008371384625397672 0.9995932473483101
6.4 0.0008291707891642959 0.9995966537370529
6.41 0.0008212902639575637 0.9996000277278653
6.42 0.0008134957928040908 0.9996033696748151
6.43 0.0008057862971943435 0.9996066799275327
6.4399999999999995 0.0007981607139752588 0.9996099588312682
6.45 0.0007906179951051652 0.9996132067269563
6.46 0.0007831571074130374 0.9996164239512781
6.47 0.0007757770323619973 0.999619610836718
6.4799999999999995 0.0007684767658169733 0.9996227677116294
6.49 0.0007612553178164435 0.9996258949002857
6.5 0.0007541117123481751 0.9996289927229433
6.51 0.0007470449871288947 0.9996320614958956
6.52 0.0007400541933878022 0.9996351015315295
6.53 0.0007331383956538847 0.9996381131383798
6.54 0.0007262966715469064 0.9996410966211838
6.55 0.000719528111572039 0.9996440522809343
6.56 0.0007128318189180798 0.9996469804149297
6.57 0.0007062069092591401 0.9996498813168296
6.58 0.0006996525105597741 0.9996527552767017
6.59 0.0006931677628834853 0.9996556025810739
6.6 0.000686751818204513 0.9996584235129831
6.61 0.0006804038402228777 0.9996612183520199
6.62 0.0006741230041826122 0.9996639873743839
6.63 0.0006679084966930708 0.9996667308529221
6.64 0.0006617595155533485 0.999669449057181
6.65 0.0006556752695796838 0.9996721422534492
6.66 0.0006496549784357989 0.9996748107048025
6.67 0.0006436978724661432 0.999677454671148
6.68 0.0006378031925319727 0.9996800744092682
6.6899999999999995 0.0006319701898502229 0.9996826701728625
6.7 0.0006261981258350828 0.9996852422125899
6.71 0.0006204862719423065 0.9996877907761104
6.72 0.0006148339095161063 0.999690316108125
6.7299999999999995 0.0006092403296386524 0.9996928184504169
6.74 0.0006037048329821117 0.9996952980418905
6.75 0.000598226729663169 0.9996977551186097
6.76 0.0005928053390999927 0.9997001899138376
6.77 0.0005874399898716048 0.9997026026580735
6.78 0.0005821300195795905 0.9997049935790892
6.79 0.0005768747747121542 0.9997073629019668
6.8 0.000571673610510383 0.9997097108491342
6.81 0.000566525890836814 0.9997120376404016
6.82 0.0005614309880461308 0.9997143434929956
6.83 0.000556388282858022 0.9997166286215925
6.84 0.0005513971642321691 0.9997188932383552
6.85 0.0005464570292452792 0.9997211375529635
6.86 0.0005415672829701514 0.9997233617726492
6.87 0.0005367273383567592 0.9997255661022285
6.88 0.0005319366161152675 0.9997277507441314
6.89 0.0005271945446009984 0.9997299158984378
6.9 0.0005225005597012595 0.9997320617629029
6.91 0.0005178541047240526 0.9997341885329927
6.92 0.0005132546302885827 0.9997362964019111
6.93 0.0005087015942175796 0.9997383855606315
6.9399999999999995 0.0005041944614313501 0.9997404561979245
6.95 0.0004997327038435858 0.9997425085003869
6.96 0.0004953158002588379 0.9997445426523985
6.97 0.000490943236271677 0.9997465588364268
6.9799999999999995 0.0004866145041674747 0.9997485572326573
6.99 0.0004823291028248014 0.9997505380193892
7.0 0.0004780865376194033 0.9997525013725543
7.01 0.00047388632032971373 0.9997544474663931
7.02 0.00046972796904389984 0.9997563764730603
7.03 0.00046561100806840434 0.999758288562754
7.04 0.000461534967837958 0.9997601839037396
7.05 0.00045749938482701514 0.9997620626623757
7.06 0.000453503801462647 0.9997639250031363
7.07 0.000449547766038779 0.9997657710886394
7.08 0.000445630832631844 0.9997676010796647
7.09 0.0004417525610177438 0.9997694151351826
7.1 0.0004379125165901482 0.9997712134123753
7.11 0.0004341102702800946 0.9997729960666574
7.12 0.0004303453984768549 0.9997747632517028
7.13 0.00042661748295006233 0.9997765151194623
7.14 0.0004229261107730606 0.9997782518201893
7.15 0.00041927087424747326 0.999779973502459
7.16 0.0004156513708289633 0.9997816803131897
7.17 0.0004120672030541422 0.9997833723976655
7.18 0.00040851797846866065 0.9997850498995537
7.1899999999999995 0.0004050033095563918 0.99978671296093
7.2 0.0004015228136697523 0.9997883617222936
7.21 0.0003980761129610984 0.9997899963225888
7.22 0.00039466283431519787 0.9997916168992262
7.2299999999999995 0.00039128260928275035 0.9997932235881
7.24 0.0003879350740149605 0.9997948165236065
7.25 0.0003846198691990987 0.9997963958386648
7.26 0.00038133663999508955 0.9997979616647331
7.27 0.00037808503597306644 0.9997995141318288
7.28 0.0003748647110519099 0.9998010533685447
7.29 0.00037167532343870737 0.999802579502068
7.3 0.0003685165355691789 0.9998040926581968
7.31 0.00036538801404899614 0.999805592961357
7.32 0.0003622894295960222 0.9998070805346214
7.33 0.00035922045698342614 0.9998085554997231
7.34 0.0003561807749836713 0.9998100179770745
7.35 0.0003531700663133719 0.9998114680857831
7.36 0.0003501880175789789 0.9998129059436663
7.37 0.00034723431922330467 0.9998143316672686
7.38 0.0003443086654728595 0.9998157453718761
7.39 0.0003414107542859896 0.9998171471715328
7.4 0.0003385402873018017 0.9998185371790548
7.41 0.00033569696978986833 0.999819915506047
7.42 0.0003328805106006911 0.9998212822629157
7.43 0.0003300906221169099 0.999822637558883
7.4399999999999995 0.0003273270202052584 0.9998239815020045
7.45 0.00032458942416923757 0.999825314199179
7.46 0.0003218775567025047 0.9998266357561667
7.47 0.0003191911438429622 0.9998279462775983
7.4799999999999995 0.000316529914927535 0.9998292458669935
7.49 0.0003138936025476304 0.999830534626771
7.5 0.00031128194250525684 0.9998318126582628
7.51 0.00030869467376981314 0.9998330800617266
7.52 0.0003061315384355042 0.9998343369363608
7.53 0.0003035922816794074 0.9998355833803142
7.54 0.0003010766517201511 0.999836819490701
7.55 0.000298584399777222 0.999838045363611
7.56 0.00029611528003085496 0.999839261094124
7.57 0.0002936690495825422 0.9998404667763199
7.58 0.00029124546841610694 0.9998416625032921
7.59 0.0002888442993593631 0.9998428483671584
7.6 0.00028646530804633574 0.9998440244590717
7.61 0.0002841082628800387 0.9998451908692336
7.62 0.0002817729349958073 0.9998463476869036
7.63 0.0002794590982251521 0.9998474950004118
7.64 0.00027716652906016836 0.9998486328971677
7.65 0.00027489500661844157 0.9998497614636734
7.66 0.00027264431260848077 0.9998508807855335
7.67 0.0002704142312956523 0.9998519909474645
7.68 0.00026820454946861744 0.9998530920333059
7.6899999999999995 0.0002660150564062431 0.9998541841260312
7.7 0.00026384554384501185 0.9998552673077578
7.71 0.0002616958059468909 0.9998563416597551
7.72 0.00025956563926767825 0.9998574072624571
7.7299999999999995 0.00025745484272579334 0.9998584641954703
7.74 0.00025536321757153993 0.9998595125375843
7.75 0.00025329056735678724 0.9998605523667795
7.76 0.0002512366979051084 0.9998615837602401
7.77 0.00024920141728233906 0.9998626067943585
7.78 0.00024718453576756525 0.9998636215447485
7.79 0.0002451858658245184 0.9998646280862515
7.8 0.00024320522207339144 0.9998656264933675
7.81 0.00024124242126304787 0.9998666168381646
7.82 0.00023929728224363956 0.9998675991944819
7.83 0.00023736962593960432 0.9998685736337443
7.84 0.00023545927532305093 0.9998695402270692
7.85 0.00023356605538753442 0.999870499044854
7.86 0.00023168979312218675 0.9998714501567838
7.87 0.00022983031748622168 0.9998723936318421
7.88 0.0002279874593838119 0.9998733295383154
7.89 0.0002261610516392981 0.9998742579438028
7.9 0.00022435092897277377 0.9998751789152257
7.91 0.00022255692797599756 0.9998760925188312
7.92 0.0002207788870886509 0.9998769988202035
7.93 0.00021901664657492917 0.9998778978842698
7.94 0.00021727004850046215 0.9998787897753075
7.95 0.00021553893670956135 0.9998796745569516
7.96 0.00021382315680277712 0.9998805522922036
7.97 0.00021212255611477955 0.9998814230434361
7.9799999999999995 0.00021043698369254578 0.9998822868724012
7.99 0.00020876629027384824 0.9998831438402377
8.0 0.00020711032826604362 0.9998839940074773
8.01 0.0002054689517251645 0.9998848374340515
8.02 0.00020384201633528884 0.9998856741792987
8.03 0.00020222937938820632 0.9998865043019702
8.04 0.0002006308997633617 0.9998873278602375
8.05 0.00019904643790807626 0.9998881449116979
8.06 0.00019747585581804622 0.9998889555133816
8.07 0.00019591901701810033 0.9998897597217575
8.08 0.00019437578654323654 0.99989055759274
8.09 0.0001928460309199082 0.9998913491816945
8.1 0.00019132961814757548 0.9998921345434434
8.11 0.00018982641768050152 0.9998929137322726
8.12 0.0001883363004098081 0.9998936868019368
8.13 0.00018685913864576863 0.9998944538056673
8.14 0.00018539480610034725 0.9998952147961744
8.15 0.00018394317786997572 0.9998959698256554
8.16 0.0001825041304185655 0.9998967189458003
8.17 0.00018107754156074712 0.9998974622077963
8.18 0.00017966329044534534 0.9998981996623332
8.19 0.0001782612575390712 0.9998989313596108
8.2 0.00017687132461043735 0.9998996573493422
8.209999999999999 0.00017549337471389496 0.9999003776807588
8.22 0.00017412729217417764 0.9999010924026179
8.23 0.0001727729625708656 0.9999018015632056
8.24 0.00017143027272315014 0.9999025052103429
8.25 0.00017009911067480848 0.9999032033913904
8.26 0.00016877936567937684 0.9999038961532541
8.27 0.00016747092818552624 0.9999045835423884
8.28 0.00016617368982263257 0.9999052656048041
8.29 0.00016488754338654093 0.9999059423860693
8.3 0.00016361238282551672 0.9999066139313173
8.31 0.00016234810322639172 0.9999072802852494
8.32 0.00016109460080088536 0.9999079414921414
8.33 0.00015985177287211792 0.999908597595846
8.34 0.00015861951786129744 0.9999092486397994
8.35 0.00015739773527458293 0.9999098946670226
8.36 0.00015618632569012583 0.9999105357201304
8.37 0.00015498519074528023 0.999911171841332
8.38 0.0001537942331239849 0.9999118030724365
8.39 0.00015261335654430697 0.9999124294548583
8.4 0.00015144246574615663 0.999913051029618
8.41 0.00015028146647916036 0.9999136678373517
8.42 0.0001491302654906905 0.99991427991831
8.43 0.00014798877051406186 0.9999148873123647
8.44 0.0001468568902568712 0.9999154900590134
8.45 0.0001457345343895 0.9999160881973814
8.459999999999999 0.00014462161353375995 0.9999166817662271
8.47 0.0001435180392516932 0.9999172708039445
8.48 0.00014242372403451567 0.9999178553485687
8.49 0.00014133858129170238 0.9999184354377795
8.5 0.00014026252534022102 0.999919011108903
8.51 0.00013919547139389869 0.9999195823989185
8.52 0.0001381373355529347 0.999920149344459
8.53 0.0001370880347935395 0.999920711981817
8.54 0.00013604748695771822 0.9999212703469468
8.55 0.00013501561074317768 0.9999218244754696
8.56 0.00013399232569337124 0.9999223744026751
8.57 0.0001329775521876675 0.9999229201635252
8.58 0.00013197121143164228 0.9999234617926596
8.59 0.0001309732254475088 0.9999239993243957
8.6 0.00012998351706465573 0.9999245327927359
8.61 0.0001290020099103151 0.9999250622313662
8.62 0.00012802862840034817 0.9999255876736632
8.63 0.000127063297730151 0.9999261091526973
8.64 0.00012610594386567106 0.999926626701232
8.65 0.00012515649353454526 0.9999271403517316
8.66 0.00012421487421734688 0.9999276501363621
8.67 0.00012328101413894383 0.9999281560869938
8.68 0.00012235484225997054 0.9999286582352053
8.69 0.00012143628826840369 0.9999291566122875
8.7 0.00012052528257124946 0.999929651249243
8.71 0.00011962175628633144 0.9999301421767934
8.72 0.00011872564123418629 0.9999306294253782
8.73 0.00011783686993005974 0.9999311130251619
8.74 0.00011695537557600378 0.9999315930060328
8.75 0.00011608109205307671 0.9999320693976075
8.76 0.00011521395391363472 0.9999325422678125
8.77 0.00011435389637373019 0.9999330115299946
8.78 0.00011350085530559292 0.9999334773287073
8.79 0.0001126547672302202 0.9999339396539292
8.8 0.00011181556931004519 0.99993439853396
8.81 0.00011098319934171111 0.9999348539968435
8.82 0.00011015759574892271 0.9999353060703694
8.83 0.00010933869757539665 0.9999357547820782
8.84 0.00010852644447789565 0.9999362001592617
8.85 0.00010772077671934782 0.999936642228967
8.86 0.00010692163516205886 0.9999370810179975
8.87 0.00010612896126099734 0.9999375165529162
8.88 0.00010534269705717356 0.9999379488600474
8.89 0.0001045627851710965 0.9999383779654808
8.9 0.00010378916879630838 0.9999388038950718
8.91 0.0001030217916930059 0.9999392266744453
8.92 0.00010226059818173344 0.9999396463289963
8.93 0.00010150553313716203 0.9999400628838947
8.94 0.00010075654198193518 0.9999404763640848
8.95 0.00010001357068059781 0.9999408867942905
8.96 9.927656573359866e-05 0.9999412941990146
8.97 9.854547417136316e-05 0.9999416986025411
8.98 9.782024354844035e-05 0.9999421000289418
8.99 9.710082193772464e-05 0.9999424985020725
9.0 9.63871579247433e-05 0.9999428940455789
9.01 9.567920060201578e-05 0.9999432866828967
9.02 9.497689956348489e-05 0.9999436764372552
9.03 9.428020489900824e-05 0.9999440633316781
9.04 9.358906718892563e-05 0.9999444473889866
9.05 9.290343749868501e-05 0.9999448286318006
9.06 9.222326737354015e-05 0.9999452070825406
9.07 9.154850883330538e-05 0.9999455827634305
9.08 9.087911436717976e-05 0.9999459556964981
9.09 9.021503692863295e-05 0.9999463259035793
9.1 8.955622993034971e-05 0.9999466934063174
9.11 8.890264723923597e-05 0.9999470582261664
9.12 8.825424317149183e-05 0.9999474203843929
9.13 8.761097248773206e-05 0.9999477799020777
9.14 8.697279038817587e-05 0.9999481368001174
9.15 8.633965250788869e-05 0.9999484910992257
9.16 8.571151491208233e-05 0.9999488428199365
9.17 8.508833409147243e-05 0.9999491919826052
9.18 8.447006695768841e-05 0.9999495386074088
9.19 8.385667083874442e-05 0.9999498827143511
9.2 8.324810347455565e-05 0.9999502243232601
9.21 8.264432301251625e-05 0.9999505634537935
9.22 8.204528800312466e-05 0.9999509001254376
9.23 8.145095739566394e-05 0.9999512343575113
9.24 8.086129053392989e-05 0.9999515661691646
9.25 8.027624715201483e-05 0.999951895579384
9.26 7.969578737013689e-05 0.9999522226069902
9.27 7.911987169052045e-05 0.9999525472706441
9.28 7.854846099332565e-05 0.9999528695888441
9.29 7.798151653262497e-05 0.9999531895799293
9.3 7.741899993242813e-05 0.9999535072620824
9.31 7.686087318275365e-05 0.9999538226533288
9.32 7.630709863574527e-05 0.9999541357715395
9.33 7.575763900183616e-05 0.9999544466344328
9.34 7.521245734595672e-05 0.9999547552595747
9.35 7.467151708378655e-05 0.9999550616643815
9.36 7.413478197805244e-05 0.9999553658661203
9.37 7.36022161348661e-05 0.9999556678819097
9.38 7.307378400010874e-05 0.9999559677287246
9.39 7.25494503558545e-05 0.9999562654233936
9.4 7.202918031683709e-05 0.9999565609826015
9.41 7.151293932695703e-05 0.9999568544228932
9.42 7.100069315583078e-05 0.9999571457606703
9.43 7.049240789537752e-05 0.9999574350121972
9.44 6.998804995644837e-05 0.9999577221935996
9.45 6.948758606549164e-05 0.9999580073208667
9.46 6.899098326125993e-05 0.9999582904098514
9.47 6.849820889155151e-05 0.9999585714762738
9.48 6.800923060999381e-05 0.9999588505357211
9.49 6.752401637285949e-05 0.9999591276036474
9.5 6.704253443592158e-05 0.9999594026953774
9.51 6.656475335134677e-05 0.9999596758261065
9.52 6.609064196461843e-05 0.9999599470109025
9.53 6.562016941150168e-05 0.9999602162647062
9.54 6.515330511503863e-05 0.9999604836023318
9.55 6.469001878257928e-05 0.9999607490384709
9.56 6.423028040284893e-05 0.99996101258769
9.57 6.377406024304412e-05 0.9999612742644349
9.58 6.332132884596593e-05 0.9999615340830296
9.59 6.287205702718402e-05 0.9999617920576781
9.6 6.242621587223403e-05 0.9999620482024669
9.61 6.198377673384505e-05 0.999962302531363
9.62 6.154471122920112e-05 0.9999625550582179
9.63 6.110899123723086e-05 0.9999628057967673
9.64 6.067658889593146e-05 0.9999630547606332
9.65 6.0247476599719015e-05 0.9999633019633225
9.66 5.982162699681164e-05 0.9999635474182319
9.67 5.9399012986640644e-05 0.9999637911386451
9.68 5.897960771729237e-05 0.9999640331377361
9.69 5.8563384582977275e-05 0.9999642734285693
9.7 5.815031722152784e-05 0.9999645120241015
9.71 5.774037951192653e-05 0.9999647489371827
9.72 5.733354557185808e-05 0.9999649841805541
9.73 5.6929789755292294e-05 0.9999652177668547
9.74 5.652908665009189e-05 0.9999654497086169
9.75 5.613141107564928e-05 0.9999656800182697
9.76 5.573673808054748e-05 0.9999659087081414
9.77 5.5345042940247745e-05 0.9999661357904576
9.78 5.4956301154804836e-05 0.9999663612773427
9.79 5.457048844660473e-05 0.9999665851808223
9.8 5.4187580758130695e-05 0.9999668075128231
9.81 5.380755424975062e-05 0.9999670282851739
9.82 5.3430385297533165e-05 0.9999672475096059
9.83 5.305605049108372e-05 0.9999674651977538
9.84 5.268452663140839e-05 0.999967681361159
9.85 5.23157907287981e-05 0.999967896011267
9.86 5.1949820000738914e-05 0.999968109159429
9.87 5.1586591869842725e-05 0.9999683208169052
9.88 5.122608396180439e-05 0.9999685309948629
9.89 5.086827410337868e-05 0.9999687397043789
9.9 5.0513140320377776e-05 0.9999689469564393
9.91 5.0160660835696326e-05 0.9999691527619402
9.92 4.981081406735385e-05 0.9999693571316903
9.93 4.946357862655792e-05 0.9999695600764101
9.94 4.911893331579371e-05 0.9999697616067317
9.95 4.877685712692797e-05 0.9999699617332033
9.96 4.843732923933946e-05 0.999970160466286
9.97 4.8100329018065305e-05 0.9999703578163561
9.98 4.7765836011971e-05 0.9999705537937069
9.99 4.743382995193783e-05 0.9999707484085474
10.0 4.7104290749071197e-05 0.9999709416710041
