D prob percentile
0.001 0.0 0.0
0.002 0.0 0.0
0.003 0.0 0.0
0.004 0.0 0.0
0.005 0.0 0.0
0.006 0.0 0.0
0.007 0.0 0.0
0.008 0.0 0.0
0.009000000000000001 0.0 0.0
0.010000000000000002 0.0 0.0
0.011 0.0 0.0
0.012 0.0 0.0
0.013000000000000001 0.0 0.0
0.014000000000000002 0.0 0.0
0.015 0.0 0.0
0.016 0.0 0.0
0.017 0.0 0.0
0.018000000000000002 0.0 0.0
0.019000000000000003 0.0 0.0
0.02 0.0 0.0
0.021 0.0 0.0
0.022000000000000002 0.0 0.0
0.023 0.0 0.0
0.024 0.0 0.0
0.025 0.0 0.0
0.026000000000000002 0.0 0.0
0.027000000000000003 0.0 0.0
0.028 0.0 0.0
0.029 0.0 0.0
0.030000000000000002 0.0 0.0
0.031 0.0 0.0
0.032 0.0 0.0
0.033 0.0 0.0
0.034 0.0 0.0
0.035 0.0 0.0
0.036000000000000004 0.0 0.0
0.037000000000000005 0.0 0.0
0.038 0.0 0.0
0.039 0.0 0.0
0.04 0.0 0.0
0.041 0.0 0.0
0.042 0.0 0.0
0.043000000000000003 0.0 0.0
0.044000000000000004 0.0 0.0
0.045 0.0 0.0
0.046 0.0 0.0
0.047 0.0 0.0
0.048 0.0 0.0
0.049 0.0 0.0
0.05 0.0 0.0
0.051000000000000004 0.0 0.0
0.052000000000000005 0.0 0.0
0.053000000000000005 0.0 0.0
0.054 0.0 0.0
0.055 0.0 0.0
0.056 0.0 0.0
0.057 0.0 0.0
0.058 0.0 0.0
0.059000000000000004 0.0 0.0
0.060000000000000005 0.0 0.0
0.061 0.0 0.0
0.062 0.0 0.0
0.063 0.0 0.0
0.064 0.0 0.0
0.065 0.0 0.0
0.066 0.0 0.0
0.067 0.0 0.0
0.068 0.0 0.0
0.069 0.0 0.0
0.07 0.0 0.0
0.07100000000000001 0.0 0.0
0.07200000000000001 0.0 0.0
0.07300000000000001 0.0 0.0
0.074 0.0 0.0
0.075 0.0 0.0
0.076 0.0 0.0
0.077 0.0 0.0
0.078 0.0 0.0
0.079 0.0 0.0
0.08 0.0 0.0
0.081 0.0 0.0
0.082 0.0 0.0
0.083 0.0 0.0
0.084 0.0 0.0
0.085 0.0 0.0
0.08600000000000001 0.0 0.0
0.08700000000000001 0.0 0.0
0.08800000000000001 0.0 0.0
0.089 0.0 0.0
0.09 0.0 0.0
0.091 0.0 0.0
0.092 0.0 0.0
0.093 0.0 0.0
0.094 0.0 0.0
0.095 0.0 0.0
0.096 0.0 0.0
0.097 0.0 0.0
0.098 0.0 0.0
0.099 0.0 0.0
0.1 0.0 0.0
0.101 0.0 0.0
0.10200000000000001 0.0 0.0
0.10300000000000001 0.0 0.0
0.10400000000000001 0.0 0.0
0.10500000000000001 0.0 0.0
0.106 0.0 0.0
0.107 0.0 0.0
0.108 0.0 0.0
0.109 0.0 0.0
0.11 0.0 0.0
0.111 0.0 0.0
0.112 0.0 0.0
0.113 0.0 0.0
0.114 0.0 0.0
0.115 0.0 0.0
0.116 0.0 0.0
0.117 0.0 0.0
0.11800000000000001 0.0 0.0
0.11900000000000001 0.0 0.0
0.12000000000000001 0.0 0.0
0.121 0.0 0.0
0.122 0.0 0.0
0.123 0.0 0.0
0.124 0.0 0.0
0.125 0.0 0.0
0.126 0.0 0.0
0.127 0.0 0.0
0.128 0.0 0.0
0.129 0.0 0.0
0.13 0.0 0.0
0.131 0.0 0.0
0.132 0.0 0.0
0.133 0.0 0.0
0.134 0.0 0.0
0.135 0.0 0.0
0.136 0.0 0.0
0.137 0.0 0.0
0.138 0.0 0.0
0.139 0.0 0.0
0.14 0.0 0.0
0.14100000000000001 0.0 0.0
0.14200000000000002 0.0 0.0
0.14300000000000002 0.0 0.0
0.14400000000000002 0.0 0.0
0.14500000000000002 0.0 0.0
0.146 0.0 0.0
0.147 0.0 0.0
0.148 0.0 0.0
0.149 0.0 0.0
0.15 0.0 0.0
0.151 0.0 0.0
0.152 0.0 0.0
0.153 0.0 0.0
0.154 0.0 0.0
0.155 0.0 0.0
0.156 0.0 0.0
0.157 0.0 0.0
0.158 0.0 0.0
0.159 0.0 0.0
0.16 0.0 0.0
0.161 0.0 0.0
0.162 0.0 0.0
0.163 0.0 0.0
0.164 0.0 0.0
0.165 0.0 0.0
0.166 0.0 0.0
0.167 0.0 0.0
0.168 0.0 0.0
0.169 0.0 0.0
0.17 0.0 0.0
0.171 0.0 0.0
0.17200000000000001 0.0 0.0
0.17300000000000001 0.0 0.0
0.17400000000000002 0.0 0.0
0.17500000000000002 0.0 0.0
0.17600000000000002 0.0 0.0
0.177 0.0 0.0
0.178 0.0 0.0
0.179 0.0 0.0
0.18 0.0 0.0
0.181 0.0 0.0
0.182 0.0 0.0
0.183 0.0 0.0
0.184 0.0 0.0
0.185 0.0 0.0
0.186 0.0 0.0
0.187 0.0 0.0
0.188 0.0 0.0
0.189 0.0 0.0
0.19 0.0 0.0
0.191 0.0 0.0
0.192 0.0 0.0
0.193 0.0 0.0
0.194 0.0 0.0
0.195 0.0 0.0
0.196 0.0 0.0
0.197 0.0 0.0
0.198 0.0 0.0
0.199 0.0 0.0
0.2 0.0 0.0
0.201 0.0 0.0
0.202 0.0 0.0
0.203 0.0 0.0
0.20400000000000001 0.0 0.0
0.20500000000000002 0.0 0.0
0.20600000000000002 0.0 0.0
0.20700000000000002 0.0 0.0
0.20800000000000002 0.0 0.0
0.20900000000000002 0.0 0.0
0.21 0.0 0.0
0.211 0.0 0.0
0.212 0.0 0.0
0.213 0.0 0.0
0.214 0.0 0.0
0.215 0.0 0.0
0.216 0.0 0.0
0.217 0.0 0.0
0.218 0.0 0.0
0.219 0.0 0.0
0.22 0.0 0.0
0.221 0.0 0.0
0.222 0.0 0.0
0.223 0.0 0.0
0.224 0.0 0.0
0.225 0.0 0.0
0.226 0.0 0.0
0.227 0.0 0.0
0.228 0.0 0.0
0.229 0.0 0.0
0.23 0.0 0.0
0.231 0.0 0.0
0.232 0.0 0.0
0.233 0.0 0.0
0.234 0.0 0.0
0.23500000000000001 0.0 0.0
0.23600000000000002 0.0 0.0
0.23700000000000002 0.0 0.0
0.23800000000000002 0.0 0.0
0.23900000000000002 0.0 0.0
0.24000000000000002 0.0 0.0
0.241 0.0 0.0
0.242 0.0 0.0
0.243 0.0 0.0
0.244 0.0 0.0
0.245 0.0 0.0
0.246 0.0 0.0
0.247 0.0 0.0
0.248 0.0 0.0
0.249 0.0 0.0
0.25 0.0 0.0
0.251 0.0 0.0
0.252 0.0 0.0
0.253 0.0 0.0
0.254 0.0 0.0
0.255 0.0 0.0
0.256 0.0 0.0
0.257 0.0 0.0
0.258 0.0 0.0
0.259 0.0 0.0
0.26 0.0 0.0
0.261 0.0 0.0
0.262 0.0 0.0
0.263 0.0 0.0
0.264 0.0 0.0
0.265 0.0 0.0
0.266 0.0 0.0
0.267 0.0 0.0
0.268 0.0 0.0
0.269 0.0 0.0
0.27 0.0 0.0
0.271 0.0 0.0
0.272 0.0 0.0
0.273 0.0 0.0
0.274 0.0 0.0
0.275 0.0 0.0
0.276 0.0 0.0
0.277 0.0 0.0
0.278 0.0 0.0
0.279 0.0 0.0
0.28 0.0 0.0
0.281 0.0 0.0
0.28200000000000003 0.0 0.0
0.28300000000000003 0.0 0.0
0.28400000000000003 0.0 0.0
0.28500000000000003 0.0 0.0
0.28600000000000003 0.0 0.0
0.28700000000000003 0.0 0.0
0.28800000000000003 0.0 0.0
0.28900000000000003 0.0 0.0
0.29 0.0 0.0
0.291 0.0 0.0
0.292 0.0 0.0
0.293 0.0 0.0
0.294 0.0 0.0
0.295 0.0 0.0
0.296 0.0 0.0
0.297 0.0 0.0
0.298 0.0 0.0
0.299 0.0 0.0
0.3 0.0 0.0
0.301 0.0 0.0
0.302 0.0 0.0
0.303 0.0 0.0
0.304 0.0 0.0
0.305 0.0 0.0
0.306 0.0 0.0
0.307 0.0 0.0
0.308 0.0 0.0
0.309 0.0 0.0
0.31 0.0 0.0
0.311 0.0 0.0
0.312 0.0 0.0
0.313 0.0 0.0
0.314 0.0 0.0
0.315 0.0 0.0
0.316 0.0 0.0
0.317 0.0 0.0
0.318 0.0 0.0
0.319 0.0 0.0
0.32 0.0 0.0
0.321 0.0 0.0
0.322 0.0 0.0
0.323 0.0 0.0
0.324 0.0 0.0
0.325 0.0 0.0
0.326 0.0 0.0
0.327 0.0 0.0
0.328 0.0 0.0
0.329 0.0 0.0
0.33 0.0 0.0
0.331 0.0 0.0
0.332 0.0 0.0
0.333 0.0 0.0
0.334 0.0 0.0
0.335 0.0 0.0
0.336 0.0 0.0
0.337 0.0 0.0
0.338 0.0 0.0
0.339 0.0 0.0
0.34 0.0 0.0
0.341 0.0 0.0
0.342 0.0 0.0
0.343 0.0 0.0
0.34400000000000003 0.0 0.0
0.34500000000000003 0.0 0.0
0.34600000000000003 0.0 0.0
0.34700000000000003 0.0 0.0
0.34800000000000003 0.0 0.0
0.34900000000000003 0.0 0.0
0.35000000000000003 0.0 0.0
0.35100000000000003 0.0 0.0
0.35200000000000004 0.0 0.0
0.353 0.0 0.0
0.354 0.0 0.0
0.355 0.0 0.0
0.356 0.0 0.0
0.357 0.0 0.0
0.358 0.0 0.0
0.359 0.0 0.0
0.36 0.0 0.0
0.361 0.0 0.0
0.362 0.0 0.0
0.363 0.0 0.0
0.364 0.0 0.0
0.365 0.0 0.0
0.366 0.0 0.0
0.367 0.0 0.0
0.368 0.0 0.0
0.369 0.0 0.0
0.37 0.0 0.0
0.371 0.0 0.0
0.372 0.0 0.0
0.373 0.0 0.0
0.374 0.0 0.0
0.375 0.0 0.0
0.376 0.0 0.0
0.377 0.0 0.0
0.378 0.0 0.0
0.379 0.0 0.0
0.38 0.0 0.0
0.381 0.0 0.0
0.382 0.0 0.0
0.383 0.0 0.0
0.384 0.0 0.0
0.385 0.0 0.0
0.386 0.0 0.0
0.387 2.2e-322 0.0
0.388 3.31716e-319 0.0
0.389 4.60061444e-316 2.1072e-319
0.39 5.93358321286e-313 2.78768196e-316
0.391 7.12236719211165e-310 3.4315215329e-313
0.392 7.963302302964803e-307 3.9337421338968e-310
0.393 8.299924862963049e-304 4.2029304017254344e-307
0.394 8.070735291484672e-301 4.1886340399831095e-304
0.395 7.327422739693427e-298 3.896804694256371e-301
0.396 6.216203655816351e-295 3.386868764537923e-298
0.397 4.9313655422725175e-292 2.7521657908922244e-295
0.398 3.6610430112557913e-289 2.092501852336045e-292
0.399 2.5454318307413607e-286 1.489691394244464e-289
0.4 1.6586553274010099e-283 9.93769859282223e-287
0.401 1.0136865046208111e-280 6.216558133100437e-284
0.402 5.814530551969413e-278 3.6492219784221656e-281
0.403 3.1325330296628476e-275 2.011610964364351e-278
0.404 1.5861679400387293e-272 1.0420400563142803e-275
0.405 7.55394300251184e-270 5.075990876341934e-273
0.406 3.3858200545196305e-267 2.3267440895047538e-270
0.40700000000000003 1.4292573272371776e-264 1.004290320984038e-267
0.40800000000000003 5.685914466248235e-262 4.084515089701157e-265
0.40900000000000003 2.1331273091112046e-259 1.5663047116555798e-262
0.41000000000000003 7.55160603501516e-257 5.666916161878321e-260
0.41100000000000003 2.524316940330484e-254 1.935658472078309e-257
0.41200000000000003 7.972651646830402e-252 6.245901617610607e-255
0.41300000000000003 2.3805914616226185e-249 1.905090150279526e-252
0.41400000000000003 6.724430259357664e-247 5.496116926906413e-250
0.41500000000000004 1.7979458494343126e-244 1.500648812879899e-247
0.41600000000000004 4.5530959808640085e-242 3.880110683835136e-245
0.41700000000000004 1.0927010770104298e-239 9.50620222550098e-243
0.418 2.486636637057151e-237 2.2081092314013943e-240
0.419 5.368939235469336e-235 4.8655740940495875e-238
0.42 1.100463144405767e-232 1.0176394890650728e-235
0.421 2.142475681285692e-230 2.0213583038145938e-233
0.422 3.964141495661498e-228 3.815243270798111e-231
0.423 6.97447753661911e-226 6.846487269336499e-229
0.424 1.1674464116459574e-223 1.1687297054626074e-226
0.425 1.8601822374967369e-221 1.8988567136337283e-224
0.426 2.8228962894010606e-219 2.9378550650899385e-222
0.427 4.082065986926688e-217 4.330658796049196e-220
0.428 5.627723539266538e-215 6.085349843299639e-218
0.429 7.400691889874881e-213 8.155392973448525e-216
0.43 9.28785014633364e-211 1.0429152965558364e-213
0.431 1.1129487492500699e-208 1.2732460375769148e-211
0.432 1.273982187300299e-206 1.4847265459869445e-209
0.433 1.3937609509493287e-204 1.6544762368388344e-207
0.434 1.4579946356301263e-202 1.7626294030928002e-205
0.435 1.4590483008899055e-200 1.7961882772548982e-203
0.436 1.3974311999420096e-198 1.7515983349163358e-201
0.437 1.2815533021733534e-196 1.6353397269068098e-199
0.438 1.1258600416990494e-194 1.4624088008173702e-197
0.439 9.479103318676594e-193 1.2531731544928502e-195
0.44 7.652027007552358e-191 1.0295006818575672e-193
0.441 5.9251733039960265e-189 8.111569739441007e-192
0.442 4.4027861664768745e-187 6.132436143700334e-190
0.443 3.1408014816996136e-185 4.450367809398808e-188
0.444 2.1518990584439035e-183 3.1015312926208544e-186
0.445 1.4166148079951546e-181 2.0766067685769993e-184
0.446 8.964125417895537e-180 1.3363138611437287e-182
0.447 5.454638732891635e-178 8.268275214612916e-181
0.448 3.193004496038551e-176 4.920935118623235e-179
0.449 1.798788119131821e-174 2.8182437877318525e-177
0.45 9.756113795016868e-173 1.553737220139863e-175
0.451 5.0963292178164605e-171 8.24921334980771e-174
0.452 2.5649994564442828e-169 4.2193866594151415e-172
0.453 1.2443132137563204e-167 2.0799449355210784e-170
0.454 5.820312386688525e-166 9.8851219456366e-169
0.455 2.6260115060680645e-164 4.5310614403080586e-167
0.456 1.1432426602825804e-162 2.0038432890950554e-165
0.457 4.804271553613587e-161 8.553221847221339e-164
0.458 1.9494766122813046e-159 3.5249450968991313e-162
0.459 7.64120919595503e-158 1.4030859123953014e-160
0.46 2.8940775675381556e-156 5.396054413389826e-159
0.461 1.0595243492292726e-154 2.005753812742628e-157
0.462 3.750691639409265e-153 7.208344680466039e-156
0.463 1.2842709474600428e-151 2.505507604022766e-154
0.464 4.2549100444471556e-150 8.42562497149354e-153
0.465 1.3644399208024821e-148 2.7421867840141633e-151
0.466 4.23632238730146e-147 8.640146301708797e-150
0.467 1.2738924369926083e-145 2.6364123347104173e-148
0.468 3.711271348306586e-144 7.79311650976314e-147
0.46900000000000003 1.047838367646537e-142 2.232289104875334e-145
0.47000000000000003 2.868014955026003e-141 6.198197750624008e-144
0.47100000000000003 7.612308984980147e-140 1.668740778212434e-142
0.47200000000000003 1.9598829075737957e-138 4.357646719349996e-141
0.47300000000000003 4.896118365784003e-137 1.1040394126406778e-139
0.47400000000000003 1.1871610188518624e-135 2.71465602927116e-138
0.47500000000000003 2.79466463145674e-134 6.479917961228532e-137
0.47600000000000003 6.389061967614732e-133 1.5020141781273713e-135
0.47700000000000004 1.4189117844506799e-131 3.381834272396806e-134
0.47800000000000004 3.0620110165680683e-130 7.398214394760047e-133
0.47900000000000004 6.422615819180857e-129 1.5729646538478684e-131
0.48000000000000004 1.3097560279091771e-127 3.251234293289725e-130
0.481 2.5975278439569665e-126 6.534814596753526e-129
0.482 5.011158214216544e-125 1.2775887916218898e-127
0.483 9.406749062476137e-124 2.4301749712350174e-126
0.484 1.7186153874401903e-122 4.498701085687551e-125
0.485 3.056809699062052e-121 8.106868219617224e-124
0.486 5.294443247069957e-120 1.4224841952240468e-122
0.487 8.931918582740773e-119 2.430977177248109e-121
0.488 1.468084074064541e-117 4.0472768811640305e-120
0.489 2.3515095764331302e-116 6.56601468309264e-119
0.49 3.6714614543643457e-115 1.038256793365298e-117
0.491 5.588987730892891e-114 1.6005809033511323e-116
0.492 8.297240947209658e-113 2.406163598208588e-115
0.493 1.2015555707256158e-111 3.528181746401881e-114
0.494 1.6977187716413914e-110 5.0472810494607956e-113
0.495 2.3409943537339243e-109 7.046056445663517e-112
0.496 3.1509941585162908e-108 9.601013439601019e-111
0.497 4.1410096669163107e-107 1.2772311878839816e-109
0.498 5.314642119993502e-106 1.6592105407543383e-108
0.499 6.662659147993817e-105 2.1052808073326554e-107
0.5 8.160608840423222e-104 2.6097028899310585e-106
0.501 9.767726449848534e-103 3.161109338384547e-105
0.502 1.1427570758668191e-101 3.742391981242941e-104
0.503 1.3070625868351653e-100 4.3312495990358e-103
0.504 1.4618823185997622e-99 4.9014345594884465e-102
0.505 1.5991623367914612e-98 5.4246304196892954e-101
0.506 1.7113008744421309e-97 5.872783177465568e-100
0.507 1.7918534199643615e-96 6.220618941497367e-99
0.508 1.8361515931721754e-95 6.448030050748252e-98
0.509 1.8417524386998e-94 6.542012887772751e-97
0.51 1.808657910618166e-93 6.497896126564245e-96
0.511 1.739277774927319e-92 6.319698853812276e-95
0.512 1.6381466313175764e-91 6.019585293959793e-94
0.513 1.5114402737071664e-90 5.616512861047368e-93
0.514 1.36636207174796e-89 5.1342792337006863e-92
0.515 1.2104825277927237e-88 4.599243759764898e-91
0.516 1.051113561770918e-87 4.0380194070071265e-90
0.517 8.947851328886476e-87 3.4754046031655825e-89
0.518 7.468693967339599e-86 2.932759595169743e-88
0.519 6.113716612837786e-85 2.426945234584226e-87
0.52 4.908827939603431e-84 1.969851043095494e-86
0.521 3.8666824167486836e-83 1.5684597051208065e-85
0.522 2.988566391008235e-82 1.2253376697583653e-84
0.523 2.266865521795677e-81 9.39411184333768e-84
0.524 1.687722358124682e-80 7.068829281166827e-83
0.525 1.2335644106442082e-79 5.2216122417301825e-82
0.526 8.852800163368255e-79 3.787039827429466e-81
0.527 6.239203667508065e-78 2.6971511019445396e-80
0.528 4.3189508612579585e-77 1.886653348409538e-79
0.529 2.936960828370273e-76 1.2963758029387722e-78
0.53 1.9622679183890762e-75 8.75168169185752e-78
0.531 1.28833101304232e-74 5.8055451325716015e-77
0.532 8.313304152892667e-74 3.784894584013336e-76
0.533 5.273078929368143e-73 2.4254457061527975e-75
0.534 3.288258252537212e-72 1.52799987489266e-74
0.535 2.0162509179118313e-71 9.464886161474773e-74
0.536 1.2158095298403933e-70 5.765452972262433e-73
0.537 7.21096586693606e-70 3.4541597373789734e-72
0.538 4.207191058203635e-69 2.0356666808560374e-71
0.539 2.4150450877805887e-68 1.1802930714385055e-70
0.54 1.3641280420612461e-67 6.733719386860573e-70
0.541 7.583050538511386e-67 3.780633079155055e-69
0.542 4.149092249538342e-66 2.089200730628226e-68
0.543 2.2348240853232995e-65 1.1364833417687646e-67
0.544 1.1851542503927026e-64 6.086586169802799e-67
0.545 6.188811575996049e-64 3.2097572818522927e-66
0.546 3.1827274762040526e-63 1.6669311055671327e-65
0.547 1.6121662624195433e-62 8.526462346713002e-65
0.548 8.044446559002472e-62 4.2961953425735104e-64
0.549 3.9547195112049706e-61 2.1326551693974989e-63
0.55 1.9156890144355025e-60 1.043123501104737e-62
0.551 9.144926199057882e-60 5.027889412273318e-62
0.552 4.302657564517107e-59 2.3885067178373686e-61
0.553 1.995490656618862e-58 1.1184415539457535e-60
0.554 9.123749641251571e-58 5.162986209224181e-60
0.555 4.1130276983251776e-57 2.3498692899898617e-59
0.556 1.8283858703234323e-56 1.05461806827714e-58
0.557 8.015762338981403e-56 4.667761250292325e-58
0.558 3.466129986091731e-55 2.037683020347645e-57
0.559 1.4784943325954376e-54 8.77468042602496e-57
0.56 6.221864456002904e-54 3.727728665062719e-56
0.561 2.583439191138378e-53 1.5625239739999764e-55
0.562 1.0585296134326158e-52 6.4629248488738716e-55
0.5630000000000001 4.280402544515366e-52 2.638163198072628e-54
0.5640000000000001 1.70841085159715e-51 1.062903828746883e-53
0.5650000000000001 6.730927735277869e-51 4.227223311900478e-53
0.5660000000000001 2.6180669537784542e-50 1.659716770749851e-52
0.5670000000000001 1.0054434027848667e-49 6.433962712101173e-52
0.5680000000000001 3.812878324235787e-49 2.4628422170056993e-51
0.5690000000000001 1.4279520344681277e-48 9.310122530180954e-51
0.5700000000000001 5.281850576522754e-48 3.4760160205997233e-50
0.5710000000000001 1.929818353691143e-47 1.2819233655776726e-49
0.5720000000000001 6.965465591179836e-47 4.670272141869256e-49
0.5730000000000001 2.483890196404152e-46 1.6809996010375946e-48
0.5740000000000001 8.752010901385458e-46 5.97837784777261e-48
0.5750000000000001 3.0473390792057754e-45 2.1010386149540158e-47
0.5760000000000001 1.0486124778343078e-44 7.297326916888821e-47
0.5770000000000001 3.5664322925525265e-44 2.5050500758640657e-46
0.578 1.1990040900887304e-43 8.500318307192388e-46
0.579 3.9849020356541625e-43 2.8514321856868807e-45
0.58 1.3093842563892344e-42 9.456762701564844e-45
0.581 4.254130770316826e-42 3.101098917707204e-44
0.582 1.366753479764431e-41 1.0055973704284597e-43
0.583 4.342563264107042e-41 3.224848533075042e-43
0.584 1.3646438600306223e-40 1.0228503650447165e-42
0.585 4.241797277808436e-40 3.209024251449482e-42
0.586 1.3043007082011363e-39 9.95937629088606e-42
0.587 3.967731147440366e-39 3.057942306278108e-41
0.588 1.1942149516277933e-38 9.289745516995805e-41
0.589 3.5566181356205897e-38 2.792510010596773e-40
0.59 1.048201510390803e-37 8.306932699504637e-40
0.591 3.0573355894906086e-37 2.4455691803978502e-39
0.592 8.826120525201122e-37 7.126075775533383e-39
0.593 2.522099850488753e-36 2.055368521856577e-38
0.594 7.134397457854809e-36 5.868605996253167e-38
0.595 1.9979816710880073e-35 1.6589108548477327e-37
0.596 5.539889568483217e-35 4.642912507004429e-37
0.597 1.5209747979282669e-34 1.2866886638510494e-36
0.598 4.135135932051027e-34 3.5310820141333695e-36
0.599 1.113370355104695e-33 9.596856170079934e-36
0.6 2.968974776738575e-33 2.5832841735115984e-35
0.601 7.84196556405641e-33 6.887668451377167e-35
0.602 2.0517723755220476e-32 1.819129636784138e-34
0.603 5.318059466606494e-32 4.7597114186664165e-34
0.604 1.365622265674661e-31 1.2338348307583464e-33
0.605 3.4745190111278883e-31 3.1690305089958545e-33
0.606 8.759483651861792e-31 8.065328356604328e-33
0.607 2.1883396784024328e-30 2.03412138260469e-32
0.608 5.417959827855444e-30 5.08421013426642e-32
0.609 1.32945532680777e-29 1.2594886783797574e-31
0.61 3.2334075593991404e-29 3.092582036529917e-31
0.611 7.795202515533989e-29 7.527246103069748e-31
0.612 1.8629699032789373e-28 1.8162280392720834e-30
0.613 4.413942834261597e-28 4.344653742120191e-30
0.614 1.0368612929035265e-27 1.0304368237881969e-29
0.615 2.41500534654476e-27 2.4232575076967472e-29
0.616 5.577622472716803e-27 5.6509318494748e-29
0.617 1.2774489458493652e-26 1.3068113900843891e-28
0.618 2.901556094830282e-26 2.997145654523954e-28
0.619 6.536430790705462e-26 6.817644797916141e-28
0.62 1.4605003685246665e-25 1.5382314734376644e-27
0.621 3.237000380134943e-25 3.4426967449096126e-27
0.622 7.116925408133855e-25 7.643535498800305e-27
0.623 1.5523116371461358e-24 1.683591311319788e-26
0.624 3.3591565574876065e-24 3.6792060151808387e-26
0.625 7.212306176084318e-24 7.9776411246502e-26
0.626 1.536519723275904e-23 1.716427669283302e-25
0.627 3.248250005038011e-23 3.664667316222747e-25
0.628 6.81451710588789e-23 7.764773778139822e-25
0.629 1.4188020859696906e-22 1.6328082559963637e-24
0.63 2.9318123487273657e-22 3.407849269458243e-24
0.631 6.013183109114767e-22 7.059774342241444e-24
0.632 1.2242007747237517e-21 1.4517529587426234e-23
0.633 2.474039650687914e-21 2.963548576961756e-23
0.634 4.963545860455774e-21 6.005850974157866e-23
0.635 9.886308663750152e-21 1.2083861393514496e-22
0.636 1.9550513865984328e-20 2.4139645361072812e-22
0.637 3.838742591599737e-20 4.788230663852725e-22
0.638 7.484302062849295e-20 9.43111646556312e-22
0.639 1.4490040670087437e-19 1.8446740503658946e-21
0.64 2.7859168340466965e-19 3.5831835635687626e-21
0.641 5.319502130919478e-19 6.912506494783374e-21
0.642 1.0087927729294602e-18 1.3244729686343778e-20
0.643 1.9001360708858474e-18 2.520666926454078e-20
0.644 3.555024760099523e-18 4.7651458928050944e-20
0.645 6.60691868445607e-18 8.94846755119343e-20
0.646 1.2197665284723702e-17 1.669383087516901e-19
0.647 2.237168484120252e-17 3.0940061670918633e-19
0.648 4.076500667998315e-17 5.697271469533004e-19
0.649 7.380157048873024e-17 1.04235529707728e-18
0.65 1.3275630958032838e-16 1.8949167086060206e-18
0.651 2.3728935083839193e-16 3.423041163257664e-18
0.652 4.2146029924547914e-16 6.144743269452049e-18
0.653 7.43895766261678e-16 1.0961923703407903e-17
0.654 1.3048661199519504e-15 1.9434922815618463e-17
0.655 2.274780773913832e-15 3.4246271496677694e-17
0.656 3.94143127605184e-15 5.997902968089975e-17
0.657 6.787816467085567e-15 1.0441485657693209e-16
0.658 1.1619533012121155e-14 1.8068527231579893e-16
0.659 1.9771984275185557e-14 3.108146722914313e-16
0.66 3.3445308771727337e-14 5.31519369270224e-16
0.661 5.6242385288231e-14 9.036408603170257e-16
0.662 9.40277067632776e-14 1.52739720574195e-15
0.663 1.562900754465256e-13 2.5668914670893e-15
0.664 2.582914812382169e-13 4.289258832679074e-15
0.665 4.244352093692537e-13 7.1268221553506e-15
0.666 6.935131672273278e-13 1.1775192910418676e-14
0.667 1.1268320376081148e-12 1.9347192130702657e-14
0.668 1.8207228705915833e-12 3.1612938433757824e-14
0.669 2.9256849103616203e-12 5.1372161541483215e-14
0.67 4.675510053006296e-12 8.302822557663784e-14
0.671 7.43133287134808e-12 1.3346806152249373e-13
0.672 1.1747868913247015e-11 2.134033400726315e-13
0.673 1.8472443634958065e-11 3.3940307215204836e-13
0.674 2.889219650715529e-11 5.369567516292352e-13
0.675 4.4951650173268133e-11 8.450647093852479e-13
0.676 6.957245912225814e-11 1.3230788758260596e-12
0.677 1.0712068015507706e-10 2.0608409052200626e-12
0.678 1.6408580393044916e-10 3.1936245861110948e-12
0.679 2.5006202196451344e-10 4.924039093747247e-12
0.68 3.791584027616656e-10 7.553961729914782e-12
0.681 5.720142927247082e-10 1.1530841856089242e-11
0.682 8.586639173304052e-10 1.751448420888819e-11
0.683 1.2825858111197628e-09 2.6472856618364248e-11
0.684 1.906396099869106e-09 3.981880912520829e-11
0.685 2.8198097705760966e-09 5.960414816914605e-11
0.686 4.1507136442656274e-09 8.879368633990633e-11
0.687 6.080484987939996e-09 1.316502126655114e-10
0.6880000000000001 8.865070931906793e-09 1.9427248235507706e-10
0.6890000000000001 1.2863841546535961e-08 2.8534318359714954e-10
0.6900000000000001 1.857887513160089e-08 4.1716351852351213e-10
0.6910000000000001 2.6708166792066283e-08 6.070769491964667e-10
0.6920000000000001 3.821731806363938e-08 8.794185850560587e-10
0.6930000000000001 5.443562348593098e-08 1.2681708456219541e-09
0.6940000000000001 7.71841882875092e-08 1.8205631740718394e-09
0.6950000000000001 1.0894587137272677e-07 2.6019270922270055e-09
0.6960000000000001 1.530895456785598e-07 3.702211916159035e-09
0.6970000000000001 2.1416451570547495e-07 5.24468601569425e-09
0.6980000000000001 2.9828505880432224e-07 7.397499643459726e-09
0.6990000000000001 4.1363010995818024e-07 1.0388975293966291e-08
0.7000000000000001 5.710892553492763e-07 1.4527728822546608e-08
0.7010000000000001 7.850936225494451e-07 2.0229019185847206e-08
0.7020000000000001 1.074679157001447e-06 2.804908832870223e-08
0.7030000000000001 1.464840373576218e-06 3.872969888814178e-08
0.7040000000000001 1.9882451989019945e-06 5.325562136907139e-08
0.705 2.687396213082797e-06 7.292862858488797e-08
0.706 3.6173406977074815e-06 9.946135212853885e-08
0.707 4.849051632560419e-06 1.3509820060210982e-07
0.708 6.473624369634136e-06 1.8276699680060336e-07
0.709 8.607459331606785e-06 2.462708468141274e-07
0.71 1.139862986683325e-05 3.3052868950550624e-07
0.711 1.5034666411812247e-05 4.418756447294028e-07
0.712 1.975202334530832e-05 5.884362673670585e-07
0.713 2.5847533235405096e-05 7.805862323183451e-07
0.714 3.369219431512512e-05 1.0315207306051462e-06
0.715 4.3747680544639034e-05 1.3579509708820715e-06
0.716 5.658600890905255e-05 1.7809536716788386e-06
0.717 7.291284482428768e-05 2.3270023092259343e-06
0.718 9.359497260144319e-05 3.029213157251192e-06
0.719 0.00011969250250993758 3.928843811955229e-06
0.72 0.00015249642745826823 5.077086918183993e-06
0.721 0.00019357217876196734 6.537207167340629e-06
0.722 0.0002448098596810781 8.387075272038122e-06
0.723 0.00030848185488603603 1.0722158465146609e-05
0.724 0.00038730852098797997 1.3659033027702458e-05
0.725 0.0004845326547507946 1.7339490302594296e-05
0.726 0.0006040034084098874 2.1935313454364277e-05
0.727 0.0007502702723652301 2.7653807716967127e-05
0.728 0.0009286876710709605 3.474417183678124e-05
0.729 0.0011455306149631877 4.350480261558767e-05
0.73 0.0014081217166964457 5.429162768655135e-05
0.731 0.0017249697110720867 6.752756355736259e-05
0.732 0.0021059194125957873 8.371319630407491e-05
0.733 0.0025623128009870082 0.00010343878073025251
0.734 0.0031071606423899063 0.00012739765001273782
0.735 0.0037553237326707982 0.00015640112149524794
0.736 0.004523702490353533 0.00019139497507028632
0.737 0.0054314332330407415 0.00023347756812866794
0.738 0.006500089046611696 0.00028391963518771925
0.739 0.007753882706633752 0.00034418580067775223
0.74 0.009219868643397048 0.00041595780986704853
0.741 0.010928140464550963 0.0005011594553911
0.742 0.012912020072824897 0.0006019831452360447
0.743 0.015208233952630119 0.0007209180225948503
0.744 0.017857071761704726 0.0008607795084088075
0.745 0.02090252196677552 0.0010247400946706833
0.746 0.0243923789208012 0.0012163611703644136
0.747 0.02837831550957884 0.0014396256132709856
0.748 0.032915915313415665 0.0016989708302533675
0.749 0.03806465815092331 0.001999321876908779
0.75 0.043887852911821804 0.0023461242355742526
0.751 0.05045251175762539 0.0027453757796602786
0.752 0.057829160085126424 0.003203657403335077
0.753 0.06609157711713641 0.003728161749953985
0.754 0.07531646261468923 0.004326719431654886
0.755 0.08558302599790302 0.005007822097596258
0.756 0.09697249511843858 0.005780641680782612
0.757 0.10956754304007271 0.006655045134662772
0.758 0.1234516324460825 0.007641603962008429
0.759 0.1387082786889653 0.008751597841248238
0.76 0.15542023401105023 0.009997011669794158
0.761 0.17366859707061222 0.011390525374128546
0.762 0.19353185357992952 0.012945495874409213
0.763 0.21508485556806414 0.014675930652911038
0.764 0.23839774848731318 0.016596452442441824
0.765 0.2635348570513065 0.01872225463816514
0.766 0.2905535422851135 0.021069047134784007
0.767 0.31950304374384547 0.023652992403239047
0.768 0.35042332217572125 0.0264906317450806
0.769 0.3833439190297632 0.029598801797071996
0.77 0.4182828501002229 0.03299454150152893
0.771 0.4552455512262713 0.036694989907326836
0.772 0.49422389429698277 0.04071727531999137
0.773 0.5351952918245225 0.045078396474267035
0.774 0.5781219080248038 0.049795096556208264
0.775 0.6229499936737911 0.05488373105129792
0.776 0.6696093609858749 0.06036013053737403
0.777 0.7180130133926236 0.06623945967327927
0.778 0.7680569433982547 0.07253607375328455
0.779 0.8196201096728106 0.07926337430067279
0.78 0.8725646022440681 0.08643366525891505
0.781 0.9267360020995374 0.0940580114033367
0.782 0.9819639387538781 0.10214610063809978
0.783 1.038062846421867 0.11070611186122233
0.784 1.0948329164166752 0.11974459007301266
0.785 1.1520612403235357 0.12926633037014948
0.786 1.2095231354392137 0.1392742724084354
0.787 1.266983640977852 0.14976940683239148
0.788 1.324199170683155 0.16075069506017378
0.789 1.3809193048133008 0.17221500367906722
0.79 1.4368887020321577 0.18415705455198017
0.791 1.4918491095989823 0.1965693915610555
0.792 1.5455414484418364 0.2094423647234446
0.793 1.597707948265352 0.22276413220953944
0.794 1.6480943068108256 0.23652068057860143
0.795 1.6964518467762024 0.25069586332451615
0.796 1.742539643729279 0.26527145759881504
0.797 1.7861265986112205 0.28022723875284256
0.798 1.826993429124828 0.2955410721198965
0.799 1.864934555417587 0.3111890212446578
0.8 1.8997598569809195 0.327145471565007
0.801 1.9312962795633613 0.34338326836338523
0.802 1.9593892730989344 0.35987386763428775
0.803 1.9839040441390954 0.37658749836382455
0.804 2.004726608998627 0.3934933345886778
0.805 2.0217646367302824 0.4105596754971633
0.806 2.0349480740749635 0.42775413175558136
0.807 2.0442295476373524 0.44504381618961164
0.808 2.0495845416550997 0.46239553692349167
0.809 2.051011352807732 0.4797759910789397
0.81 2.048530826496585 0.4971519571608117
0.811 2.042185881870078 0.5144904843061809
0.812 2.032040835524352 0.5317590766465934
0.8130000000000001 2.0181805362377467 0.5489258711278825
0.8140000000000001 2.000709325264784 0.5659598072460497
0.8150000000000001 1.9797498385931334 0.5828307872890113
0.8160000000000001 1.9554416691341658 0.5995098258198831
0.8170000000000001 1.9279399080596284 0.6159691872953343
0.8180000000000001 1.8974135854055845 0.6321825108794101
0.8190000000000001 1.8640440306389743 0.6481249216864585
0.8200000000000001 1.8280231741265263 0.6637731278635117
0.8210000000000001 1.789551810371618 0.6791055030997465
0.8220000000000001 1.748837843507728 0.6941021543262513
0.8230000000000001 1.7060945348782994 0.7087449745402511
0.8240000000000001 1.6615387716173915 0.723017680852389
0.8250000000000001 1.615389374001189 0.7369058380112462
0.8260000000000001 1.567865457998366 0.7503968678043286
0.8270000000000001 1.5191848679398063 0.7634800448677269
0.8280000000000001 1.4695626925893959 0.7761464795562455
0.8290000000000001 1.4192098761603629 0.7883890886310371
0.8300000000000001 1.3683319340210036 0.8002025546120811
0.8310000000000001 1.3171277810007325 0.8115832747176187
0.8320000000000001 1.265788678374 0.8225293003719727
0.8330000000000001 1.2144973037945033 0.8330402683069814
0.834 1.1634269467016622 0.8431173243110333
0.835 1.1127408300489197 0.8527630406939429
0.836 1.0625915576304699 0.8619813285362834
0.837 1.0131206848257313 0.8707773457795077
0.838 0.9644584092545129 0.8791574021889074
0.839 0.9167233766505597 0.887128862186626
0.84 0.8700225962245574 0.8947000465077265
0.841 0.8244514589045048 0.9018801335797773
0.842 0.780093851113119 0.9086790614673722
0.843 0.7370223561669418 0.915107431158032
0.844 0.6952985349570515 0.9211764118971243
0.845 0.6549732772904964 0.9268976492073354
0.846 0.6160872151270482 0.9322831761545245
0.847 0.5786711889283864 0.9373453283473051
0.848 0.5427467584356885 0.942096663083614
0.849 0.5083267493954294 0.9465498829847071
0.85 0.4754158280494904 0.9507177643863551
0.851 0.4440110955819838 0.954613090689169
0.852 0.4141026951591404 0.95824859080568
0.853 0.38567442469668756 0.9616368827814241
0.854 0.3587043490303037 0.9647904226113978
0.855 0.33316540573602527 0.9677214582220207
0.856 0.30902599943872505 0.9704419885424959
0.857 0.2862505800471528 0.9729637275482251
0.858 0.26480020095432805 0.9752980731228665
0.859 0.24463305383374948 0.9774560805544864
0.86 0.22570497723764513 0.9794484404552615
0.861 0.20796993675672215 0.9812854608727469
0.862 0.1913804750263076 0.9829770533440932
0.863 0.1758881303569951 0.9845327226320946
0.864 0.1614438232254828 0.9859615598736147
0.865 0.14799821028068316 0.987272238866217
0.866 0.13550200589980838 0.9884730152175768
0.867 0.12390627166811279 0.9895717280839947
0.868 0.11316267445406293 0.9905758042287868
0.869 0.10322371400962536 0.9914922641381538
0.87 0.09404292124380963 0.9923277299409659
0.871 0.08557502849839786 0.9930884348893935
0.872 0.07777611329965416 0.9937802341692588
0.873 0.0706037171709299 0.9944086168219511
0.874 0.0640169411710127 0.994978718573513
0.875 0.05797651987426116 0.9954953353809117
0.876 0.052444875533928265 0.9959629375201174
0.877 0.04738615417211305 0.9963856840554387
0.878 0.042766245321548414 0.9967674375442599
0.879 0.0385527871083438 0.9971117788457923
0.88 0.03471515831374057 0.997422021916598
0.881 0.03122445898925147 0.9977012284892375
0.882 0.02805348112571102 0.9979522225434252
0.883 0.025176670794927487 0.9981776044914841
0.884 0.02257008309490878 0.9983797650115183
0.885 0.020211331137823304 0.9985608984726209
0.886 0.018079530225694952 0.9987230159065642
0.887 0.016155238263786686 0.9988679574896663
0.888 0.01442039336700103 0.9989974045071168
0.889 0.012858249521551693 0.999112890779614
0.89 0.011453311073611876 0.999215813539247
0.891 0.010191266729364516 0.9993074437475636
0.892 0.009058923667565685 0.999388935854353
0.893 0.008044142286829927 0.9994613370003173
0.894 0.007135772035756403 0.9995255956709826
0.895 0.0063235887049732115 0.9995825698126884
0.896 0.005598233496334829 0.9996330344243922
0.897 0.004951154125923771 0.9996776886415243
0.898 0.004374548164161896 0.9997171623299839
0.899 0.003861308768130522 0.999752022209965
0.9 0.003404972918002045 0.9997827775303604
0.901 0.0029996722310940242 0.9998098853153304
0.902 0.002640086393254038 0.9998337552050478
0.903 0.0023213992178058827 0.9998547539128971
0.904 0.002039257316871861 0.9998732093213033
0.905 0.0017897313482331228 0.9998894142382609
0.906 0.0015692797827157312 0.9999036298360869
0.907 0.0013747151220953617 0.9999160887935523
0.908 0.0012031724854032122 0.9999269981617592
0.909 0.0010520804720109149 0.9999365419734976
0.91 0.0009191342026885524 0.9999448836149428
0.911 0.0008022704347100862 0.9999521679777112
0.912 0.0006996446437691503 0.9999585234084445
0.913 0.00060960996373511 0.999964063472046
0.914 0.0005306978749005281 0.9999688885439589
0.915 0.00046160053214972684 0.999973087245752
0.916 0.00040115462622423206 0.9999767377375053
0.917 0.0003483266738099278 0.9999799088795455
0.918 0.00030219963536722466 0.9999826612751952
0.919 0.0002619607633357247 0.9999850482053683
0.92 0.00022689058744610203 0.9999871164650985
0.921 0.00019635294825838903 0.9999889071111407
0.922 0.00016978599462392545 0.9999904561293202
0.923 0.00014669406545747646 0.9999917950293173
0.924 0.00012664038093732153 0.9999929513741731
0.925 0.00010924047296621466 0.9999939492510007
0.926 9.415628937623991e-05 0.9999948096889194
0.927 8.109091090556353e-05 0.9999955510296805
0.928 6.978382438313213e-05 0.9999961892558639
0.929 6.000669980268485e-05 0.9999967382812391
0.93 5.155962303128261e-05 0.9999972102072393
0.931 4.426773976595003e-05 0.999997615549328
0.932 3.797827001558809e-05 0.9999979634364934
0.933 3.2557855839103315e-05 0.9999982617868789
0.934 2.7890208312472848e-05 0.9999985174622265
0.935 2.3874022728421784e-05 0.9999987364035383
0.936 2.042113385546615e-05 0.9999989237500869
0.937 1.7454885703615243e-05 0.9999990839437508
0.9380000000000001 1.4908692668429648e-05 0.999999220820316
0.9390000000000001 1.2724771161208784e-05 0.9999993376893603
0.9400000000000001 1.085302288943609e-05 0.9999994374040072
0.9410000000000001 9.250052837344515e-06 0.9999995224218245
0.9420000000000001 7.87830672121043e-06 0.9999995948578992
0.9430000000000001 6.7053142674265406e-06 0.9999996565310607
0.9440000000000001 5.703026093354792e-06 0.9999997090041122
0.9450000000000001 4.84723327107695e-06 0.9999997536187627
0.9460000000000001 4.117059831939789e-06 0.9999997915260077
0.9470000000000001 3.494519534439239e-06 0.9999998237124372
0.9480000000000001 2.9641291783416608e-06 0.9999998510230584
0.9490000000000001 2.512571612489794e-06 0.999999874181047
0.9500000000000001 2.1284023605107942e-06 0.999999893804838
0.9510000000000001 1.8017944852248685e-06 0.9999999104228839
0.9520000000000001 1.5243169360822467e-06 0.9999999244864207
0.9530000000000001 1.288742181094455e-06 0.9999999363804393
0.9540000000000001 1.0888794216797031e-06 0.9999999464331834
0.9550000000000001 9.194301313668222e-07 0.999999954924296
0.9560000000000001 7.758630527081049e-07 0.9999999620918497
0.9570000000000001 6.54306135934343e-07 0.999999968138373
0.9580000000000001 5.514532123271932e-07 0.9999999732360346
0.9590000000000001 4.644834690945718e-07 0.999999977531096
0.9600000000000001 3.9099203445071566e-07 0.9999999811477128
0.961 3.2893019503181915e-07 0.9999999841912116
0.962 2.7655395580369644e-07 0.9999999867508718
0.963 2.3237981803475095e-07 0.999999988902332
0.964 1.951467962332832e-07 0.999999990709622
0.965 1.6378382245438627e-07 0.999999992226908
0.966 1.373817981047939e-07 0.999999993499958
0.967 1.1516965114279308e-07 0.9999999945675093
0.968 9.649384201957129e-08 0.9999999954622507
0.969 8.080083629781743e-08 0.9999999962116669
0.97 6.762212691413688e-08 0.9999999968390321
0.971 5.656144568116361e-08 0.9999999973639332
0.972 4.728385288079408e-08 0.9999999978028609
0.973 3.950643659227904e-08 0.9999999981696942
0.974 3.299039053419447e-08 0.9999999984761088
0.975 2.753427138934702e-08 0.9999999987319181
0.976 2.2968264454498135e-08 0.9999999989453642
0.977 1.914931056534662e-08 0.999999999123371
0.978 1.595696807777491e-08 0.9999999992717409
0.979 1.328990166583514e-08 0.9999999993953453
0.98 1.106290519953937e-08 0.9999999994982641
0.981 9.204379318974854e-09 0.9999999995839152
0.982 7.654195812026698e-09 0.9999999996551607
0.983 6.3618907811208525e-09 0.9999999997143932
0.984 5.2851370680710555e-09 0.9999999997636113
0.985 4.388453685149985e-09 0.9999999998044923
0.986 3.642116240120866e-09 0.9999999998384276
0.987 3.0212376866076145e-09 0.9999999998665855
0.988 2.5049933033282694e-09 0.9999999998899368
0.989 2.075967714208863e-09 0.9999999999092934
0.99 1.7196050996080156e-09 0.9999999999253324
0.991 1.4237465975077535e-09 0.999999999938615
0.992 1.1782413222658203e-09 0.9999999999496084
0.993 9.746194974996848e-10 0.9999999999587054
0.994 8.058179606881502e-10 0.9999999999662285
0.995 6.659497947192874e-10 0.9999999999724468
0.996 5.501111142309607e-10 0.9999999999775855
0.997 4.542191151117384e-10 0.9999999999818274
0.998 3.748764122188995e-10 0.99999999998533
0.999 3.0925746745044807e-10 0.9999999999882216
1.0 2.550135685286687e-10 0.9999999999906053
1.001 2.101933759626774e-10 0.9999999999925715
1.002 1.7317652682901449e-10 0.9999999999941914
1.003 1.4261818220101214e-10 0.9999999999955242
1.004 1.174027413203273e-10 0.9999999999966244
1.005 9.660522936361524e-11 0.9999999999975282
1.006 7.945910493481961e-11 0.9999999999982716
1.007 6.532943503980141e-11 0.9999999999988836
1.008 5.3690555077124267e-11 0.9999999999993853
1.009 4.410747423909905e-11 0.9999999999997988
1.01 3.6220406843790296e-11 1.0000000000001374
1.011 2.97319110610191e-11 1.0000000000004154
1.012 2.4396201259118785e-11 1.000000000000646
1.013 2.0010271330406777e-11 1.000000000000832
1.014 1.640652600454764e-11 1.0000000000009863
1.015 1.3446667150775944e-11 1.0000000000011124
1.016 1.1016623939032133e-11 1.0000000000012161
1.017 9.022350774161117e-12 1.0000000000013
1.018 7.386346230198294e-12 1.0000000000013698
1.019 6.04477071558867e-12 1.0000000000014273
1.02 4.945061071167584e-12 1.0000000000014735
1.021 4.043957394240255e-12 1.000000000001511
1.022 3.305871643363664e-12 1.0000000000015419
1.023 2.7015394710820735e-12 1.0000000000015674
1.024 2.20690664338221e-12 1.0000000000015874
1.025 1.8022096602792184e-12 1.0000000000016052
1.0259999999999998 1.4712170643322695e-12 1.000000000001619
1.027 1.2006036415692117e-12 1.0000000000016305
1.0279999999999998 9.794344735642986e-13 1.0000000000016391
1.029 7.98739750409493e-13 1.000000000001647
1.0299999999999998 6.511645359423363e-13 1.000000000001654
1.031 5.306804007558594e-13 1.000000000001659
1.0319999999999998 4.323480986995707e-13 1.0000000000016627
1.033 3.521223367979921e-13 1.000000000001665
1.0339999999999998 2.86691241861713e-13 1.000000000001669
1.035 2.333444137971699e-13 1.00000000000167
1.0359999999999998 1.898645209507387e-13 1.0000000000016727
1.037 1.5443827439085563e-13 1.0000000000016742
1.0379999999999998 1.2558334716833768e-13 1.000000000001676
1.039 1.0208840735263557e-13 1.0000000000016764
1.0399999999999998 8.296393167977448e-14 1.000000000001677
1.041 6.740187795571442e-14 1.0000000000016789
1.0419999999999998 5.474263387713904e-14 1.0000000000016782
1.043 4.444794005400029e-14 1.0000000000016789
1.0439999999999998 3.6078716026887144e-14 1.0000000000016787
1.045 2.927690848782151e-14 1.000000000001679
1.0459999999999998 2.3750637796181278e-14 1.0000000000016778
1.047 1.9262048077100013e-14 1.0000000000016784
1.0479999999999998 1.561737253632435e-14 1.0000000000016798
1.049 1.265881312419895e-14 1.0000000000016778
1.0499999999999998 1.0257905640867518e-14 1.0000000000016782
1.051 8.310100528194263e-15 1.0000000000016795
1.0519999999999998 6.730338199300956e-15 1.0000000000016804
1.053 5.449437677398384e-15 1.0000000000016787
1.0539999999999998 4.411150089629101e-15 1.0000000000016787
1.055 3.569755456860508e-15 1.00000000000168
1.0559999999999998 2.8881032821179404e-15 1.0000000000016793
1.057 2.3360155297169374e-15 1.000000000001678
1.0579999999999998 1.88898541336173e-15 1.0000000000016789
1.059 1.527117558195895e-15 1.000000000001679
1.0599999999999998 1.234265049318306e-15 1.00000000000168
1.061 9.97327022514427e-16 1.0000000000016787
1.0619999999999998 8.05677116564522e-16 1.0000000000016798
1.063 6.506985571872829e-16 1.0000000000016804
1.0639999999999998 5.254060995318509e-16 1.000000000001679
1.065 4.2413869895360713e-16 1.00000000000168
1.0659999999999998 3.4230975616936025e-16 1.000000000001681
1.067 2.762042137995847e-16 1.00000000000168
1.0679999999999998 2.228137660030653e-16 1.0000000000016809
1.069 1.7970306270203332e-16 1.0000000000016804
1.0699999999999998 1.4490111140135393e-16 1.000000000001682
1.071 1.168131573645984e-16 1.000000000001681
1.0719999999999998 9.414920157325235e-17 1.0000000000016813
1.073 7.586603198865014e-17 1.0000000000016829
1.0739999999999998 6.112022703834572e-17 1.000000000001681
1.075 4.923006538241174e-17 1.0000000000016804
1.0759999999999998 3.964466284347774e-17 1.0000000000016798
1.077 3.191897221223734e-17 1.0000000000016818
1.0779999999999998 2.5693537785102952e-17 1.0000000000016793
1.079 2.0678104821790094e-17 1.0000000000016809
1.0799999999999998 1.6638353498747963e-17 1.0000000000016822
1.081 1.3385164614273187e-17 1.00000000000168
1.0819999999999999 1.0765936173298464e-17 1.0000000000016789
1.083 8.65756085282901e-18 1.000000000001681
1.0839999999999999 6.960748141888477e-18 1.0000000000016802
1.085 5.595434854204946e-18 1.000000000001679
1.0859999999999999 4.497076327083294e-18 1.000000000001678
1.087 3.6136500613930106e-18 1.0000000000016798
1.0879999999999999 2.9032355470387386e-18 1.0000000000016787
1.089 2.332059955907352e-18 1.000000000001678
1.0899999999999999 1.8729204089462657e-18 1.00000000000168
1.091 1.5039105613237037e-18 1.0000000000016775
1.0919999999999999 1.207393051886404e-18 1.0000000000016818
1.093 9.691705414245057e-19 1.0000000000016804
1.0939999999999999 7.778171149362043e-19 1.0000000000016818
1.095 6.241391490658935e-19 1.0000000000016813
1.0959999999999999 5.007406742234992e-19 1.0000000000016804
1.097 4.016730569201256e-19 1.0000000000016818
1.0979999999999999 3.221527068136767e-19 1.000000000001681
1.099 2.583336493722028e-19 1.0000000000016802
1.0999999999999999 2.0712434041843663e-19 1.0000000000016798
1.101 1.6604014776929657e-19 1.00000000000168
1.1019999999999999 1.3308458062594157e-19 1.0000000000016789
1.103 1.066536845375458e-19 1.000000000001678
1.1039999999999999 8.545909957891837e-20 1.0000000000016802
1.105 6.846615116109289e-20 1.0000000000016802
1.1059999999999999 5.484404654522974e-20 1.000000000001679
1.107 4.3925817939779856e-20 1.000000000001681
1.1079999999999999 3.517611114522914e-20 1.00000000000168
1.109 2.816528818519531e-20 1.0000000000016798
1.1099999999999999 2.2548610298982764e-20 1.0000000000016798
1.111 1.804950786409296e-20 1.0000000000016793
1.1119999999999999 1.4446137415101488e-20 1.0000000000016798
1.113 1.1560581931431503e-20 1.000000000001679
1.1139999999999999 9.250176252462454e-21 1.000000000001679
1.115 7.4005407144284e-21 1.0000000000016793
1.1159999999999999 5.919987628410444e-21 1.00000000000168
1.117 4.735030855999803e-21 1.0000000000016798
1.1179999999999999 3.786781573961391e-21 1.0000000000016793
1.119 3.028055839566787e-21 1.0000000000016809
1.1199999999999999 2.4210537807350687e-21 1.000000000001679
1.121 1.935497757261638e-21 1.0000000000016787
1.1219999999999999 1.5471389750917316e-21 1.0000000000016802
1.123 1.2365598354128913e-21 1.0000000000016795
1.1239999999999999 9.88213610787314e-22 1.0000000000016804
1.125 7.896545433853452e-22 1.00000000000168
1.126 6.309207046784291e-22 1.0000000000016807
1.127 5.0403938372886125e-22 1.00000000000168
1.128 4.026307383121275e-22 1.0000000000016798
1.129 3.2159023586298717e-22 1.0000000000016258
1.13 2.5683426006848596e-22 1.000000000001679
1.131 2.0509634917129404e-22 1.0000000000016798
1.132 1.6376401277335517e-22 1.0000000000016798
1.133 1.3074806500477965e-22 1.0000000000016793
1.134 1.0437800971796653e-22 1.0000000000016807
1.135 8.3318295340077e-23 1.0000000000016793
1.136 6.650128541964712e-23 1.0000000000016804
1.137 5.307361575080356e-23 1.00000000000168
1.138 4.23532704325457e-23 1.0000000000016795
1.139 3.3795239591457954e-23 1.0000000000016798
1.14 2.696404668046191e-23 1.00000000000168
1.141 2.1511774069752107e-23 1.0000000000016795
1.142 1.716048877245248e-23 1.000000000001679
1.143 1.3688189001430616e-23 1.0000000000016798
1.144 1.0917567593047158e-23 1.0000000000016787
1.145 8.707028788709462e-24 1.0000000000016793
1.146 6.943507359635596e-24 1.00000000000168
1.147 5.536729146910422e-24 1.000000000001679
1.148 4.414624220744663e-24 1.0000000000016798
1.149 3.5196616099785494e-24 1.0000000000016793
1.15 2.8059207774347327e-24 1.0000000000016804
1.151 2.2367520126453472e-24 1.000000000001687
1.152 1.7829075192042897e-24 1.0000000000016818
1.153 1.4210486625052793e-24 1.0000000000016809
1.154 1.1325537950682264e-24 1.0000000000016798
1.1549999999999998 9.025662362872489e-25 1.0000000000016789
1.156 7.192341083603031e-25 1.0000000000016782
1.1569999999999998 5.731034266167112e-25 1.0000000000016807
1.158 4.566335958668029e-25 1.0000000000016795
1.1589999999999998 3.6381066334015243e-25 1.0000000000016804
1.16 2.8983863429789866e-25 1.0000000000016807
1.1609999999999998 2.308931174365988e-25 1.0000000000016818
1.162 1.8392473294113547e-25 1.0000000000016804
1.1629999999999998 1.4650224587533776e-25 1.0000000000016802
1.164 1.1668740902044534e-25 1.0000000000016824
1.1649999999999998 9.293511427504291e-26 1.0000000000016802
1.166 7.40137418800495e-26 1.0000000000016815
1.1669999999999998 5.894162726091437e-26 1.0000000000016815
1.168 4.693638833881052e-26 1.00000000000172
1.1689999999999998 3.7374513452859136e-26 1.0000000000017182
1.17 2.9759134886477667e-26 1.0000000000017175
1.1709999999999998 2.3694332045819655e-26 1.0000000000016818
1.172 1.886464288770153e-26 1.0000000000016802
1.1729999999999998 1.5018729253230028e-26 1.0000000000016822
1.174 1.1956354925305936e-26 1.000000000001681
1.1749999999999998 9.518005354319353e-27 1.0000000000016802
1.176 7.576613762008854e-27 1.0000000000016727
1.1769999999999998 6.030966668471506e-27 1.0000000000016807
1.178 4.800448325692568e-27 1.000000000001681
1.1789999999999998 3.820852502320591e-27 1.0000000000016793
1.18 3.0410450774116216e-27 1.00000000000168
1.1809999999999998 2.420304782971154e-27 1.0000000000016787
1.182 1.9262044353819893e-27 1.0000000000016793
1.1829999999999998 1.5329229096223246e-27 1.00000000000168
1.184 1.219900370425813e-27 1.0000000000016773
1.1849999999999998 9.707670248570887e-28 1.0000000000016818
1.186 7.724898137180798e-28 1.0000000000016807
1.1869999999999998 6.146927429606755e-28 1.0000000000016807
1.188 4.891155518085678e-28 1.0000000000016818
1.1889999999999998 3.8918258508386594e-28 1.00000000000168
1.19 3.0965945300501157e-28 1.0000000000016809
1.1909999999999998 2.463796173832899e-28 1.000000000001679
1.192 1.9602667389436464e-28 1.0000000000016802
1.1929999999999998 1.5596099352102424e-28 1.0000000000016782
1.194 1.2408169192715783e-28 1.000000000001679
1.1949999999999998 9.871673270517084e-29 1.00000000000168
1.196 7.853543422977155e-29 1.000000000001679
1.1969999999999998 6.247881606588974e-29 1.0000000000016802
1.198 4.970414995194564e-29 1.0000000000016793
1.1989999999999998 3.954082048810992e-29 1.0000000000016787
1.2 3.145519019996916e-29 1.0000000000016804
1.2009999999999998 2.502263322555401e-29 1.0000000000016804
1.202 1.9905275876701778e-29 1.0000000000016813
1.2029999999999998 1.5834280190469e-29 1.0000000000016795
1.204 1.2595743799324598e-29 1.0000000000016802
1.2049999999999998 1.0019478350276359e-29 1.0000000000016787
1.206 7.970079124114221e-30 1.0000000000016795
1.2069999999999999 6.339818279367712e-30 1.0000000000016789
1.208 5.042989510723495e-30 1.0000000000016784
1.2089999999999999 4.011407839123439e-30 1.0000000000016804
1.21 3.190828699404245e-30 1.0000000000016798
1.2109999999999999 2.5380986146250063e-30 1.0000000000016804
1.212 2.0188880554490317e-30 1.0000000000016793
1.2129999999999999 1.605887578302655e-30 1.0000000000016795
1.214 1.2773726102085141e-30 1.00000000000168
1.2149999999999999 1.0160615695858162e-30 1.000000000001679
1.216 8.082073908153608e-31 1.0000000000016802
1.2169999999999999 6.428747601600781e-31 1.0000000000016789
1.218 5.113651119195548e-31 1.00000000000168
1.2189999999999999 4.06759186243738e-31 1.0000000000016789
1.22 3.23553119612097e-31 1.0000000000016793
1.2209999999999999 2.573689486676613e-31 1.0000000000016798
1.222 2.047243150279333e-31 1.0000000000016798
1.2229999999999999 1.6284926758614182e-31 1.0000000000016807
1.224 1.2954053259609886e-31 1.0000000000016807
1.2249999999999999 1.0304559019437585e-31 1.0000000000016824
1.226 8.197046216954147e-32 1.0000000000016815
1.2269999999999999 6.520636189303475e-32 1.0000000000016824
1.228 5.187134875581467e-32 1.0000000000016827
1.2289999999999999 4.126391824094388e-32 1.0000000000016829
1.23 3.282608630807211e-32 1.000000000001684
1.2309999999999999 2.61140260207016e-32 1.0000000000016802
1.232 2.0774711528999643e-32 1.0000000000016802
1.2329999999999999 1.652734049244173e-32 1.0000000000016798
1.234 1.314855738734977e-32 1.0000000000016809
1.2349999999999999 1.0460700102780967e-32 1.0000000000016804
1.236 8.322451292807362e-33 1.0000000000016809
1.2369999999999999 6.621402485412415e-33 1.0000000000016809
1.238 5.2681395999185386e-33 1.0000000000016802
1.2389999999999999 4.1915385885569136e-33 1.0000000000016798
1.24 3.335023603777491e-33 1.0000000000016807
1.2409999999999999 2.6535907507803586e-33 1.00000000000168
1.242 2.1114407792095084e-33 1.000000000001679
1.2429999999999999 1.680096118764537e-33 1.0000000000016802
1.244 1.3369031569396517e-33 1.0000000000016802
1.2449999999999999 1.0638409346316796e-33 1.0000000000016798
1.246 8.465735639964982e-34 1.0000000000016795
1.2469999999999999 6.736965015035709e-34 1.0000000000016807
1.248 5.361370127932226e-34 1.0000000000016809
1.2489999999999999 4.266772817562752e-34 1.0000000000016789
1.25 3.3957507140254014e-34 1.0000000000016802
1.251 2.7026197836908163e-34 1.0000000000016804
1.252 2.15103406604099e-34 1.0000000000016798
1.253 1.7120763382920997e-34 1.0000000000016802
1.254 1.3627392781571218e-34 1.0000000000016809
1.255 1.0847172431503267e-34 1.000000000001681
1.256 8.634451283032867e-35 1.0000000000016604
1.257 6.873337634563081e-35 1.0000000000016807
1.258 5.471616507177745e-35 1.000000000001678
1.259 4.3559106654588063e-35 1.0000000000016775
1.26 3.467830941038413e-35 1.0000000000016789
1.261 2.7609135439691673e-35 1.00000000000168
1.262 2.198183430685771e-35 1.00000000000168
1.263 1.7502157143893136e-35 1.000000000001681
1.264 1.3935932864661579e-35 1.0000000000016798
1.265 1.1096796440397118e-35 1.000000000001679
1.266 8.836424848416256e-36 1.000000000001681
1.267 7.036768079922208e-36 1.0000000000016802
1.268 5.6038674129018526e-36 1.0000000000016802
1.269 4.4629365368582254e-36 1.0000000000016804
1.27 3.554447443431622e-36 1.00000000000168
1.271 2.831015759592033e-36 1.0000000000016815
1.272 2.254922172751362e-36 1.0000000000016813
1.273 1.7961399870117827e-36 1.0000000000016802
1.274 1.4307654123089931e-36 1.000000000001682
1.275 1.1397683198696468e-36 1.0000000000016802
1.276 9.079980088250966e-37 1.0000000000016798
1.277 7.233919035725349e-37 1.000000000001679
1.278 5.763457422725076e-37 1.0000000000016809
1.279 4.592122827764852e-37 1.0000000000016807
1.28 3.6590228795520238e-37 1.0000000000016787
1.281 2.9156691159693337e-37 1.0000000000016807
1.2819999999999998 2.323448701533833e-37 1.0000000000016804
1.283 1.8516117848430558e-37 1.0000000000016793
1.2839999999999998 1.4756692746616337e-37 1.0000000000016782
1.285 1.176117295535032e-37 1.0000000000016982
1.2859999999999998 9.37421678169186e-38 1.0000000000016813
1.287 7.472094429059904e-38 1.0000000000016784
1.2879999999999998 5.956250598092901e-38 1.0000000000016802
1.289 4.748178836705761e-38 1.0000000000016802
1.2899999999999998 3.785340182027688e-38 1.00000000000168
1.291 3.0179132006095815e-38 1.0000000000016793
1.2919999999999998 2.4062059597043955e-38 1.0000000000016782
1.293 1.9185950258485967e-38 1.00000000000168
1.2939999999999998 1.5298840972558297e-38 1.0000000000016804
1.295 1.2199967736141567e-38 1.0000000000016787
1.2959999999999998 9.729353967329273e-39 1.00000000000168
1.297 7.759517698993797e-39 1.00000000000168
1.2979999999999998 6.188866084684212e-39 1.0000000000016789
1.299 4.936433665487874e-39 1.0000000000016802
1.2999999999999998 3.9376908425551655e-39 1.0000000000016784
1.301 3.14120472597952e-39 1.0000000000016798
1.3019999999999998 2.5059788976914564e-39 1.0000000000016798
1.303 1.9993339506069274e-39 1.000000000001678
1.3039999999999998 1.5952187925826683e-39 1.0000000000016793
1.305 1.272865099434371e-39 1.0000000000016798
1.3059999999999998 1.0157151347119815e-39 1.0000000000016809
1.307 8.105673550487739e-40 1.0000000000016789
1.3079999999999998 6.468955290313869e-40 1.0000000000016798
1.309 5.1630610398036586e-40 1.0000000000016795
1.3099999999999998 4.121057279662176e-40 1.0000000000016795
1.311 3.2895654731594888e-40 1.0000000000016802
1.3119999999999998 2.6260145017117894e-40 1.00000000000168
1.313 2.096450511030684e-40 1.0000000000016804
1.3139999999999998 1.6737909889364035e-40 1.0000000000016802
1.315 1.3364328946151375e-40 1.0000000000019065
1.3159999999999998 1.0671429807499523e-40 1.0000000000016804
1.317 8.521730463601538e-41 1.0000000000016807
1.3179999999999998 6.805544873533551e-41 1.0000000000016802
1.319 5.435357773673411e-41 1.00000000000168
1.3199999999999998 4.341338942127822e-41 1.0000000000016795
1.321 3.467765900233229e-41 1.0000000000016804
1.3219999999999998 2.7701709105428783e-41 1.0000000000016802
1.323 2.2130654886133357e-41 1.00000000000168
1.3239999999999998 1.7681254184266928e-41 1.000000000001681
1.325 1.4127429898041817e-41 1.0000000000016795
1.3259999999999998 1.1288720886766251e-41 1.0000000000016802
1.327 9.021068458272862e-42 1.0000000000016815
1.3279999999999998 7.209465661378322e-42 1.0000000000016804
1.329 5.762092394256676e-42 1.0000000000016809
1.3299999999999998 4.6056357046968157e-42 1.0000000000016798
1.331 3.6815555404352256e-42 1.000000000001682
1.3319999999999999 2.943104748989943e-42 1.000000000001682
1.333 2.3529508303585204e-42 1.0000000000016804
1.3339999999999999 1.8812778079879255e-42 1.0000000000016802
1.335 1.5042711938179953e-42 1.0000000000016813
1.3359999999999999 1.2029086494907415e-42 1.00000000000168
1.337 9.61994598282247e-43 1.0000000000016813
1.3379999999999999 7.693895262977075e-43 1.0000000000016813
1.339 6.15394668944212e-43 1.0000000000016798
1.3399999999999999 4.922607214607601e-43 1.000000000001682
1.341 3.9379554834937725e-43 1.0000000000016813
1.3419999999999999 3.1505092125005914e-43 1.0000000000016822
1.343 2.5207234750344854e-43 1.0000000000016818
1.3439999999999999 2.0169926919610166e-43 1.0000000000016838
1.345 1.614054798048129e-43 1.0000000000016844
1.3459999999999999 1.2917165418850473e-43 1.0000000000016847
1.347 1.033835225109068e-43 1.000000000001687
1.3479999999999999 8.275052338307897e-44 1.0000000000016869
1.349 6.624081282119284e-44 1.0000000000016895
1.3499999999999999 5.302933675254191e-44 1.0000000000016909
1.351 4.2456338233745045e-44 1.0000000000016935
1.3519999999999999 3.399420014388086e-44 1.0000000000016969
1.353 2.722094690739221e-44 1.000000000001701
1.3539999999999999 2.179906635010811e-44 1.000000000001706
1.355 1.745858230113944e-44 1.0000000000017122
1.3559999999999999 1.398352375319042e-44 1.0000000000017186
1.357 1.1201108239498949e-44 1.0000000000017282
1.3579999999999999 8.973094320824563e-45 1.000000000001738
1.359 7.188867678830814e-45 1.0000000000017513
1.3599999999999999 5.75991285274138e-45 1.0000000000017653
1.361 4.615392580112212e-45 1.0000000000017852
1.3619999999999999 3.6986125591015184e-45 1.0000000000018057
1.363 2.964194071927125e-45 1.0000000000018316
1.3639999999999999 2.3758125593671408e-45 1.000000000001863
1.365 1.9043887201915224e-45 1.000000000001901
1.3659999999999999 1.5266414694653173e-45 1.0000000000019464
1.367 1.223930277286271e-45 1.0000000000019988
1.3679999999999999 9.813289443704918e-46 1.0000000000020624
1.369 7.868844874378292e-46 1.0000000000021376
1.3699999999999999 6.310240922011173e-46 1.0000000000022269
1.371 5.060805134965323e-46 1.0000000000023332
1.3719999999999999 4.0591223500527935e-46 1.0000000000024578
1.373 3.255994441233943e-46 1.0000000000026066
1.3739999999999999 2.6120066973536365e-46 1.00000000000278
1.375 2.0955796279940373e-46 1.0000000000029838
1.376 1.6814092428090546e-46 1.0000000000032252
1.377 1.3492182394126237e-46 1.0000000000035052
1.378 1.0827560420398548e-46 1.0000000000038332
1.379 8.689980361439391e-47 1.000000000004217
1.38 6.975042650231583e-47 1.0000000000046638
1.381 5.599057907769349e-47 1.000000000005183
1.382 4.494932709344856e-47 1.0000000000057867
1.383 3.608873817831538e-47 1.0000000000064855
1.384 2.897747838651987e-47 1.0000000000072933
1.385 2.3269657746445734e-47 1.0000000000082283
1.386 1.868787986460342e-47 1.0000000000093034
1.387 1.5009658945069459e-47 1.0000000000105422
1.388 1.2056534309267423e-47 1.000000000011963
1.389 9.685345956558398e-48 1.0000000000135916
1.39 7.781241540063439e-48 1.0000000000154563
1.391 6.252070661788895e-48 1.0000000000175826
1.392 5.023890870620639e-48 1.000000000020006
1.393 4.0373645793231414e-48 1.0000000000227613
1.394 3.24487002574975e-48 1.0000000000258886
1.395 2.6081845679377528e-48 1.000000000029428
1.396 2.0966267665886885e-48 1.0000000000334277
1.397 1.6855662671302492e-48 1.000000000037938
1.398 1.3552285642162747e-48 1.0000000000430112
1.399 1.0897362082209552e-48 1.0000000000487068
1.4 8.763396118048231e-49 1.0000000000550848
1.401 7.047999079659989e-49 1.0000000000622091
1.402 5.668937579453538e-49 1.0000000000701523
1.403 4.560159752536934e-49 1.000000000078984
1.404 3.668606151187182e-49 1.000000000088776
1.405 2.9516501237069137e-49 1.0000000000996065
1.406 2.3750432388628945e-49 1.0000000001115557
1.407 1.9112659530646486e-49 1.000000000124697
1.408 1.5382034689869088e-49 1.0000000001391083
1.4089999999999998 1.2380825712190741e-49 1.0000000001548683
1.41 9.966179237445622e-50 1.0000000000016807
1.4109999999999998 8.023264981328077e-50 1.000000000001679
1.412 6.459769691356169e-50 1.0000000000016813
1.4129999999999998 5.201474656773112e-50 1.0000000000016802
1.414 4.188703204078854e-50 1.0000000000016787
1.4149999999999998 3.3734667685709876e-50 1.0000000000016809
1.416 2.717171956230733e-50 1.0000000000016809
1.4169999999999998 2.188778149797097e-50 1.0000000000016813
1.418 1.763316990812866e-50 1.0000000000016809
1.4189999999999998 1.420702546669939e-50 1.000000000001681
1.42 1.1447749987288753e-50 1.0000000000016822
1.4209999999999998 9.225319466092055e-51 1.000000000001681
1.422 7.435104617684403e-51 1.0000000000016804
1.4229999999999998 5.9929027931201e-51 1.0000000000016798
1.424 4.83094342550657e-51 1.0000000000016813
1.4249999999999998 3.89467592517782e-51 1.0000000000016807
1.426 3.140186509882953e-51 1.0000000000016793
1.4269999999999998 2.5321206227512216e-51 1.0000000000016813
1.428 2.042011820553343e-51 1.0000000000016807
1.4289999999999998 1.6469374774719113e-51 1.000000000001679
1.43 1.3284372845218725e-51 1.000000000001681
1.4309999999999998 1.0716430859448974e-51 1.000000000001682
1.432 8.645786865444653e-52 1.000000000001679
1.4329999999999998 6.975963739275331e-52 1.00000000000168
1.434 5.629234170563344e-52 1.0000000000016818
1.4349999999999998 4.542970406255776e-52 1.000000000001679
1.436 3.666705850766826e-52 1.0000000000016802
1.4369999999999998 2.959769465491581e-52 1.0000000000016807
1.438 2.389381119748674e-52 1.0000000000016784
1.4389999999999998 1.9291179216270858e-52 1.00000000000168
1.44 1.5576791477867569e-52 1.0000000000016804
1.4409999999999998 1.2578915369988646e-52 1.0000000000016789
1.442 1.0159080888175549e-52 1.000000000001679
1.4429999999999998 8.205626592158082e-53 1.0000000000016802
1.444 6.628500056058149e-53 1.0000000000016789
1.4449999999999998 5.355068550864231e-53 1.0000000000016784
1.446 4.326743338564565e-53 1.000000000001681
1.4469999999999998 3.4962592908176212e-53 1.00000000000168
1.448 2.825482392348568e-53 1.0000000000016789
1.4489999999999998 2.283642514870292e-53 1.0000000000016782
1.45 1.8459088286247108e-53 1.0000000000016798
1.4509999999999998 1.4922413025433405e-53 1.0000000000016798
1.452 1.2064646919589693e-53 1.0000000000016787
1.4529999999999998 9.75521837256817e-54 1.00000000000168
1.454 7.888714904588158e-54 1.0000000000016787
1.4549999999999998 6.380026458026479e-54 1.0000000000016809
1.456 5.1604279375141395e-54 1.0000000000016793
1.4569999999999999 4.1744190209338817e-54 1.0000000000016793
1.458 3.377174592977516e-54 1.0000000000016809
1.4589999999999999 2.7324876022331346e-54 1.000000000001679
1.46 2.2111090633195098e-54 1.0000000000016789
1.4609999999999999 1.7894083937617545e-54 1.0000000000016813
1.462 1.4482921574068878e-54 1.00000000000168
1.4629999999999999 1.172331279799414e-54 1.0000000000016789
1.464 9.49056467635557e-55 1.000000000001681
1.4649999999999999 7.683893564647183e-55 1.0000000000016802
1.466 6.221831923632894e-55 1.0000000000016795
1.4669999999999999 5.038519177136794e-55 1.0000000000016813
1.468 4.080706147179571e-55 1.0000000000016809
1.4689999999999999 3.30533553201147e-55 1.0000000000016807
1.47 2.6775874492670407e-55 1.0000000000016818
1.4709999999999999 2.169300486096995e-55 1.000000000001681
1.472 1.7576959760942215e-55 1.0000000000016787
1.4729999999999999 1.4243471614384137e-55 1.00000000000168
1.474 1.154346144452482e-55 1.0000000000016798
1.4749999999999999 9.356306068935298e-56 1.0000000000016773
1.476 7.5843959788399865e-56 1.0000000000016778
1.4769999999999999 6.148736011387096e-56 1.0000000000016773
1.478 4.985388621439863e-56 1.0000000000016758
1.4789999999999999 4.0425980640753325e-56 1.0000000000016764
1.48 3.2784648840458177e-56 1.0000000000016758
1.4809999999999999 2.659065206321117e-56 1.0000000000016813
1.482 2.1569295877073846e-56 1.0000000000016802
1.4829999999999999 1.7498125554767738e-56 1.0000000000016802
1.484 1.4196971767685964e-56 1.0000000000016813
1.4849999999999999 1.1519896789499844e-56 1.0000000000016807
1.486 9.348677656630763e-57 1.0000000000016798
1.4869999999999999 7.587532410397699e-57 1.000000000001679
1.488 6.158851843714198e-57 1.0000000000016807
1.4889999999999999 4.999744667913013e-57 1.0000000000016804
1.49 4.059240780206961e-57 1.0000000000016789
1.4909999999999999 3.2960270270999953e-57 1.0000000000016804
1.492 2.676613878186529e-57 1.0000000000016804
1.4929999999999999 2.1738508420180492e-57 1.00000000000168
1.494 1.7657241544121755e-57 1.0000000000016807
1.4949999999999999 1.434382963216923e-57 1.0000000000016807
1.496 1.165350498422074e-57 1.0000000000016795
1.4969999999999999 9.468850182454775e-58 1.0000000000016798
1.498 7.694620365554604e-58 1.0000000000016807
1.4989999999999999 6.2535476869367485e-58 1.0000000000016798
1.5 5.0829412705339175e-58 1.0000000000016798
1.501 4.131931531704182e-58 1.0000000000016807
1.502 3.359236500419812e-58 1.0000000000016793
1.503 2.731351066272452e-58 1.00000000000168
1.504 2.2210789084575295e-58 1.0000000000016809
1.505 1.8063421267720188e-58 1.0000000000016802
1.506 1.4692159372523307e-58 1.0000000000016807
1.507 1.1951457929082302e-58 1.0000000000016802
1.508 9.723123844463472e-59 1.000000000001679
1.509 7.91116530686954e-59 1.0000000000016798
1.51 6.437612769574851e-59 1.0000000000023743
1.511 5.239128195174603e-59 1.000000000001679
1.512 4.264253571046093e-59 1.000000000001679
1.513 3.471177924393934e-59 1.0000000000016793
1.514 2.8259249278538525e-59 1.000000000001679
1.515 2.300881712539291e-59 1.0000000000016807
1.516 1.8736045188954468e-59 1.00000000000168
1.517 1.5258489840286606e-59 1.000000000001753
1.518 1.2427827275672822e-59 1.0000000000017533
1.519 1.0123458940491882e-59 1.0000000000016798
1.52 8.247317925918601e-60 1.00000000000168
1.521 6.71965031127414e-60 1.000000000001679
1.522 5.475588051725403e-60 1.0000000000016793
1.523 4.462364582495475e-60 1.0000000000016795
1.524 3.6370523520071375e-60 1.0000000000016798
1.525 2.964724243523549e-60 1.0000000000016802
1.526 2.4169592993358197e-60 1.0000000000016809
1.527 1.970628135157926e-60 1.0000000000016798
1.528 1.6069055829788702e-60 1.0000000000016802
1.529 1.3104679615387367e-60 1.0000000000016807
1.53 1.0688403771637324e-60 1.0000000000016802
1.531 8.718659544975623e-61 1.0000000000016804
1.532 7.112741709271993e-61 1.0000000000016798
1.533 5.803297507651196e-61 1.0000000000016798
1.534 4.735470524663422e-61 1.00000000000168
1.535 3.864577059924577e-61 1.0000000000016804
1.536 3.1542155090937224e-61 1.0000000000016798
1.537 2.5747278874042655e-61 1.0000000000016804
1.5379999999999998 2.101947764766518e-61 1.0000000000016802
1.539 1.7161811770493583e-61 1.0000000000016793
1.5399999999999998 1.401377068833006e-61 1.0000000000016793
1.541 1.1444519417509117e-61 1.0000000000016795
1.5419999999999998 9.347399809078515e-62 1.0000000000016795
1.543 7.6354529513271555e-62 1.00000000000168
1.5439999999999998 6.237772666750122e-62 1.0000000000016784
1.545 5.096535504983496e-62 1.0000000000016793
1.5459999999999998 4.164581453608665e-62 1.0000000000016802
1.547 3.403443024846544e-62 1.0000000000016793
1.5479999999999998 2.781739436086815e-62 1.0000000000016804
1.549 2.273868104825947e-62 1.0000000000016807
1.5499999999999998 1.858938289228025e-62 1.0000000000016798
1.551 1.519901964859617e-62 1.00000000000168
1.5519999999999998 1.2428453754936077e-62 1.0000000000016793
1.553 1.0164114883402533e-62 1.0000000000016809
1.5539999999999998 8.313291118955491e-63 1.0000000000016793
1.555 6.800289337464689e-63 1.0000000000016795
1.5559999999999998 5.563303979902175e-63 1.000000000001679
1.557 4.551863233857552e-63 1.0000000000016789
1.5579999999999998 3.724745908206505e-63 1.0000000000016795
1.559 3.048282052949869e-63 1.0000000000016787
1.5599999999999998 2.4949664732595035e-63 1.0000000000016804
1.561 2.0423273970843995e-63 1.0000000000016802
1.5619999999999998 1.6720032347311807e-63 1.000000000001681
1.563 1.36898906844638e-63 1.0000000000016813
1.5639999999999998 1.1210215979182714e-63 1.0000000000016807
1.565 9.18077043017628e-64 1.0000000000016807
1.5659999999999998 7.519612115988907e-64 1.0000000000016798
1.567 6.159747760224863e-64 1.0000000000016807
1.5679999999999998 5.046399286845294e-64 1.0000000000016789
1.569 4.134771356427704e-64 1.0000000000016793
1.5699999999999998 3.388227854463425e-64 1.0000000000016807
1.571 2.776802246498066e-64 1.0000000000016784
1.5719999999999998 2.2759805321382692e-64 1.0000000000016813
1.573 1.86570679877522e-64 1.0000000000016804
1.5739999999999998 1.529570567418692e-64 1.0000000000016809
1.575 1.2541426210549538e-64 1.000000000001681
1.5759999999999998 1.0284321231526599e-64 1.0000000000016818
1.577 8.434428252136987e-65 1.0000000000016815
1.5779999999999998 6.918102352934282e-65 1.0000000000016802
1.579 5.6750494350431465e-65 1.0000000000016818
1.5799999999999998 4.655900136996738e-65 1.0000000000016784
1.581 3.820225653261168e-65 1.0000000000016798
1.5819999999999999 3.1349147759786456e-65 1.0000000000016798
1.583 2.572846245029074e-65 1.000000000001679
1.5839999999999999 2.1118025472859044e-65 1.0000000000016802
1.585 1.7335811516728534e-65 1.0000000000016793
1.5859999999999999 1.4232672083829056e-65 1.0000000000016804
1.587 1.1686383096723495e-65 1.0000000000016807
1.5879999999999999 9.596772763181828e-66 1.0000000000016818
1.589 7.881733186890383e-66 1.0000000000016804
1.5899999999999999 6.473955044732958e-66 1.0000000000016802
1.591 5.318253933587752e-66 1.000000000001682
1.5919999999999999 4.3693809232835926e-66 1.0000000000016787
1.593 3.5902294164230526e-66 1.0000000000016793
1.5939999999999999 2.950366409911715e-66 1.0000000000016793
1.595 2.424829330067115e-66 1.0000000000016787
1.5959999999999999 1.9931403064385313e-66 1.0000000000016793
1.597 1.6384984944532305e-66 1.0000000000016793
1.5979999999999999 1.347118209512407e-66 1.00000000000168
1.599 1.1076864858655473e-66 1.000000000001679
1.5999999999999999 9.109184599635321e-67 1.000000000001682
1.601 7.491928941101044e-67 1.0000000000016802
1.6019999999999999 6.162533606907542e-67 1.000000000001682
1.603 5.069632296829083e-67 1.0000000000016818
1.6039999999999999 4.171047485105101e-67 1.0000000000016784
1.605 3.4321426021838746e-67 1.0000000000016807
1.6059999999999999 2.8244704424266515e-67 1.000000000001679
1.607 2.324664416512658e-67 1.0000000000016787
1.6079999999999999 1.9135289099425096e-67 1.0000000000016773
1.609 1.5752929057066167e-67 1.000000000001677
1.6099999999999999 1.2969974967901013e-67 1.000000000001681
1.611 1.0679932119304787e-67 1.000000000001678
1.6119999999999999 8.795274180510105e-68 1.0000000000016809
1.613 7.244056185967971e-68 1.0000000000016813
1.6139999999999999 5.967133806538293e-68 1.00000000000168
1.615 4.915880114573336e-68 1.0000000000016809
1.6159999999999999 4.05031061872918e-68 1.0000000000016787
1.617 3.337543385344766e-68 1.0000000000016798
1.6179999999999999 2.7505342134579214e-68 1.000000000001678
1.619 2.2670376120459884e-68 1.0000000000016787
1.6199999999999999 1.8687531686573945e-68 1.0000000000016784
1.621 1.5406241484445507e-68 1.0000000000016773
1.6219999999999999 1.2702611086629554e-68 1.00000000000168
1.623 1.0474681909847196e-68 1.0000000000016784
1.6239999999999999 8.638537550534876e-69 1.0000000000016822
1.625 7.125102993842475e-69 1.0000000000016807
1.626 5.877513092711443e-69 1.0000000000016827
1.627 4.848948818018369e-69 1.0000000000016822
1.628 4.000857922440373e-69 1.0000000000017084
1.629 3.301491551853301e-69 1.0000000000017117
1.63 2.724700562503008e-69 1.0000000000016793
1.631 2.2489453386262805e-69 1.0000000000016813
1.632 1.856481146217523e-69 1.0000000000016789
1.633 1.5326878261885133e-69 1.0000000000016793
1.634 1.2655181883612793e-69 1.0000000000016784
1.635 1.0450440332006587e-69 1.0000000000016789
1.636 8.630824786742327e-70 1.0000000000016813
1.637 7.128883509641066e-70 1.0000000000016787
1.638 5.889009296278201e-70 1.0000000000016809
1.639 4.865354184313987e-70 1.0000000000016809
1.64 4.0201122308337664e-70 1.0000000000016818
1.641 3.322105226609299e-70 1.0000000000016815
1.642 2.7456177697670487e-70 1.0000000000016787
1.643 2.2694376209933113e-70 1.0000000000016813
1.644 1.8760650734983674e-70 1.0000000000016784
1.645 1.5510614943612833e-70 1.0000000000016789
1.646 1.2825124767603536e-70 1.0000000000016804
1.647 1.060585387937163e-70 1.0000000000016793
1.648 8.771646723672136e-71 1.0000000000016807
1.649 7.255512105388128e-71 1.0000000000016802
1.65 6.0021445361158475e-71 1.0000000000016818
1.651 4.9658804556315485e-71 1.000000000001681
1.652 4.109012833424015e-71 1.0000000000016818
1.653 3.400401145323164e-71 1.0000000000016822
1.654 2.8143248252303853e-71 1.00000000000168
1.655 2.3295374346066896e-71 1.000000000001682
1.656 1.9284863203920797e-71 1.0000000000016787
1.657 1.5966687312513403e-71 1.0000000000016804
1.658 1.3221004676431664e-71 1.0000000000016789
1.659 1.0948773465617653e-71 1.0000000000016787
1.66 9.068132260824663e-72 1.0000000000016793
1.661 7.511411889517924e-72 1.0000000000016787
1.662 6.222668361533366e-72 1.0000000000016802
1.663 5.155645793142026e-72 1.0000000000016793
1.664 4.272094179810346e-72 1.0000000000016809
1.665 3.5403800425521216e-72 1.0000000000016798
1.666 2.934338825016987e-72 1.0000000000016807
1.6669999999999998 2.4323268654796107e-72 1.0000000000016793
1.668 2.016438145080286e-72 1.000000000001679
1.6689999999999998 1.6718570971236633e-72 1.0000000000016795
1.67 1.3863237794525732e-72 1.0000000000016789
1.6709999999999998 1.1496918502328222e-72 1.0000000000016809
1.672 9.535632012592302e-73 1.0000000000016713
1.6729999999999998 7.909859193187448e-73 1.0000000000016722
1.674 6.562045699995621e-73 1.0000000000016727
1.6749999999999998 5.4445371600412943e-73 1.0000000000016733
1.676 4.517871646698007e-73 1.000000000001674
1.6769999999999998 3.7493674571979824e-73 1.0000000000016738
1.678 3.111954986193729e-73 1.0000000000016789
1.6789999999999998 2.5832103919001494e-73 1.0000000000016784
1.68 2.14455610220164e-73 1.0000000000016795
1.6809999999999998 1.780599278320833e-73 1.00000000000168
1.682 1.478584366851203e-73 1.0000000000016787
1.6829999999999998 1.2279400117399969e-73 1.0000000000016802
1.684 1.0199040183534612e-73 1.0000000000016793
1.6849999999999998 8.472128876829117e-74 1.0000000000016802
1.686 7.038447736940229e-74 1.0000000000016798
1.6869999999999998 5.848066463031746e-74 1.0000000000016809
1.688 4.859580370836671e-74 1.0000000000016807
1.6889999999999998 4.038650628265744e-74 1.00000000000168
1.69 3.356795116067892e-74 1.0000000000016807
1.6909999999999998 2.790386767549215e-74 1.0000000000016804
1.692 2.319823689035993e-74 1.0000000000016809
1.6929999999999998 1.9288415214151362e-74 1.0000000000016798
1.694 1.6039435964400748e-74 1.0000000000016804
1.6949999999999998 1.3339286542819013e-74 1.0000000000016793
1.696 1.109499373661831e-74 1.00000000000168
1.6969999999999998 9.229378489733454e-75 1.0000000000016813
1.698 7.678365342391204e-75 1.0000000000016798
1.6989999999999998 6.388751477133827e-75 1.0000000000016802
1.7 5.316356645675099e-75 1.0000000000016804
1.7009999999999998 4.424488772415718e-75 1.0000000000016813
1.702 3.682671223224768e-75 1.00000000000168
1.7029999999999998 3.0655869944343893e-75 1.0000000000016802
1.704 2.5522027492542064e-75 1.00000000000168
1.7049999999999998 2.1250419820099095e-75 1.0000000000016798
1.706 1.7695818521096168e-75 1.0000000000016798
1.7069999999999999 1.4737525875448155e-75 1.0000000000016804
1.708 1.2275219676254049e-75 1.0000000000016795
1.7089999999999999 1.0225503852877844e-75 1.0000000000016793
1.71 8.519044671876647e-76 1.0000000000016793
1.7109999999999999 7.098192830775268e-76 1.0000000000016802
1.712 5.915008775966906e-76 1.0000000000016804
1.7129999999999999 4.9296226797865485e-76 1.000000000001681
1.714 4.1088722027762223e-76 1.0000000000016798
1.7149999999999999 3.4251708592996994e-76 1.0000000000016798
1.716 2.85556784060541e-76 1.0000000000016822
1.7169999999999999 2.380966812971757e-76 1.0000000000016804
1.718 1.9854767347041365e-76 1.0000000000016809
1.7189999999999999 1.6558723191697214e-76 1.0000000000016818
1.72 1.3811455730137268e-76 1.0000000000016807
1.7209999999999999 1.1521329927800731e-76 1.0000000000016809
1.722 9.612056200924592e-77 1.0000000000016802
1.7229999999999999 8.020113270338104e-77 1.0000000000016807
1.724 6.692605054474104e-77 1.0000000000016809
1.7249999999999999 5.5854782957515234e-77 1.00000000000168
1.726 4.6620400297569866e-77 1.0000000000016804
1.7269999999999999 3.891724313477802e-77 1.0000000000016807
1.728 3.2490661862247533e-77 1.0000000000016804
1.7289999999999999 2.712847942538596e-77 1.0000000000016793
1.73 2.2653886973542385e-77 1.0000000000016802
1.7309999999999999 1.8919531247074656e-77 1.0000000000016795
1.732 1.5802593222875946e-77 1.0000000000016795
1.7329999999999999 1.3200691360968365e-77 1.0000000000016804
1.734 1.1028470893118887e-77 1.0000000000016795
1.7349999999999999 9.214763942355793e-78 1.00000000000168
1.736 7.700224664842273e-78 1.0000000000016802
1.7369999999999999 6.435359731488275e-78 1.0000000000016787
1.738 5.378887870824454e-78 1.000000000001679
1.7389999999999999 4.496373337589055e-78 1.000000000001679
1.74 3.759087435830608e-78 1.0000000000016787
1.7409999999999999 3.1430599286258623e-78 1.0000000000016789
1.742 2.628288572494282e-78 1.0000000000016798
1.7429999999999999 2.1980803424631304e-78 1.000000000001679
1.744 1.8385023452941433e-78 1.000000000001679
1.7449999999999999 1.537924104984722e-78 1.000000000001679
1.746 1.286635971758564e-78 1.0000000000016798
1.7469999999999999 1.0765309578443756e-78 1.0000000000016795
1.748 9.008394270688796e-79 1.0000000000016798
1.7489999999999999 7.539078328036994e-79 1.0000000000016802
1.75 6.310141699859209e-79 1.0000000000016804
1.751 5.282140316291221e-79 1.0000000000016809
1.752 4.4221217984695464e-79 1.0000000000016807
1.753 3.7025539038118143e-79 1.000000000001679
1.754 3.100430365847695e-79 1.0000000000016795
1.755 2.5965246759382967e-79 1.000000000001679
1.756 2.1747672582656913e-79 1.0000000000016798
1.757 1.821725574681374e-79 1.0000000000016809
1.758 1.526170099406352e-79 1.0000000000016802
1.759 1.2787119393356268e-79 1.0000000000016807
1.76 1.071500238738035e-79 1.0000000000016798
1.761 8.979694764897359e-80 1.0000000000016789
1.762 7.526284054149702e-80 1.0000000000016798
1.763 6.308837515849845e-80 1.00000000000168
1.764 5.288929321299722e-80 1.00000000000168
1.765 4.434410012118876e-80 1.0000000000016793
1.766 3.718378268908199e-80 1.0000000000016795
1.767 3.1183216302343703e-80 1.0000000000016795
1.768 2.6153983198202218e-80 1.0000000000016802
1.769 2.1938369414376708e-80 1.0000000000016804
1.77 1.8404346398725367e-80 1.0000000000016798
1.771 1.5441375292738399e-80 1.0000000000016795
1.772 1.2956898628353625e-80 1.0000000000016813
1.773 1.087340648167651e-80 1.0000000000016802
1.774 9.125982742655699e-81 1.0000000000016793
1.775 7.660252698437653e-81 1.000000000001679
1.776 6.430666100075755e-81 1.00000000000168
1.777 5.399060712607889e-81 1.0000000000016795
1.778 4.533460391847351e-81 1.0000000000016784
1.779 3.807069283335474e-81 1.0000000000016802
1.78 3.1974300462932227e-81 1.0000000000016795
1.781 2.6857192739034416e-81 1.0000000000016807
1.782 2.2561576824239065e-81 1.00000000000168
1.783 1.895516318694335e-81 1.0000000000016809
1.784 1.5927031080227843e-81 1.0000000000016804
1.785 1.3384166319545587e-81 1.00000000000168
1.786 1.1248561712140538e-81 1.0000000000016815
1.787 9.454788426938099e-82 1.0000000000016807
1.788 7.94796158672098e-82 1.0000000000016804
1.789 6.68203589930946e-82 1.0000000000016795
1.79 5.618377625216874e-82 1.0000000000016807
1.791 4.7245679435043816e-82 1.0000000000016807
1.792 3.973400107289625e-82 1.0000000000016795
1.793 3.3420389110117856e-82 1.000000000001681
1.7939999999999998 2.811316119885128e-82 1.0000000000016804
1.795 2.3651398023245355e-82 1.0000000000016815
1.7959999999999998 1.9899990958452045e-82 1.00000000000168
1.797 1.674548940747321e-82 1.0000000000016807
1.7979999999999998 1.4092618297443483e-82 1.0000000000016787
1.799 1.1861357257063605e-82 1.0000000000016798
1.7999999999999998 9.984490608937695e-83 1.0000000000016804
1.801 8.405552054693921e-83 1.0000000000016787
1.8019999999999998 7.077100275343665e-83 1.0000000000016802
1.803 5.959272006046221e-83 1.00000000000168
1.8039999999999998 5.0185678008219374e-83 1.0000000000016815
1.805 4.226832952804993e-83 1.0000000000016798
1.8059999999999998 3.5604021084469924e-83 1.0000000000016807
1.807 2.9993812014263155e-83 1.0000000000016813
1.8079999999999998 2.5270445942746348e-83 1.0000000000016804
1.809 2.1293288871106603e-83 1.0000000000016807
1.8099999999999998 1.794407845689177e-83 1.000000000001679
1.811 1.5123354092435297e-83 1.0000000000016802
1.8119999999999998 1.2747458410046858e-83 1.0000000000016778
1.813 1.0746018466786153e-83 1.000000000001679
1.8139999999999998 9.059829637243909e-84 1.00000000000168
1.815 7.639077631529535e-84 1.0000000000016789
1.8159999999999998 6.441844444486012e-84 1.0000000000016789
1.817 5.432852754710462e-84 1.0000000000016793
1.8179999999999998 4.582410599659075e-84 1.000000000001681
1.819 3.8655242830315316e-84 1.0000000000016793
1.8199999999999998 3.261152613286607e-84 1.0000000000016802
1.821 2.75157988691661e-84 1.0000000000016827
1.8219999999999998 2.3218886507389925e-84 1.0000000000016793
1.823 1.9595163159341496e-84 1.0000000000016804
1.8239999999999998 1.653882246757799e-84 1.000000000001679
1.825 1.3960740874884126e-84 1.000000000001679
1.8259999999999998 1.1785838882139562e-84 1.000000000001679
1.827 9.950860988170756e-85 1.0000000000016784
1.8279999999999998 8.402507673989902e-85 1.0000000000016802
1.829 7.0958634325083e-85 1.00000000000168
1.8299999999999998 5.993073779981191e-85 1.0000000000016827
1.831 5.0622316904538757e-85 1.0000000000016813
1.8319999999999999 4.276440199100892e-85 1.0000000000016798
1.833 3.613023217063131e-85 1.0000000000016818
1.8339999999999999 3.0528610508841736e-85 1.0000000000016789
1.835 2.579830859468073e-85 1.0000000000016789
1.8359999999999999 2.1803354245157816e-85 1.0000000000016782
1.837 1.8429062521227802e-85 1.0000000000016798
1.8379999999999999 1.557869243863727e-85 1.0000000000016784
1.839 1.317063042570182e-85 1.000000000001677
1.8399999999999999 1.1136017276476604e-85 1.0000000000016793
1.841 9.416748546549863e-86 1.0000000000016793
1.8419999999999999 7.963789438466337e-86 1.0000000000016813
1.843 6.735754559335326e-86 1.0000000000016798
1.8439999999999999 5.697710785861458e-86 1.0000000000016815
1.845 4.8201680780339424e-86 1.0000000000016807
1.8459999999999999 4.0782286406028896e-86 1.0000000000016804
1.847 3.4508695080428804e-86 1.0000000000016824
1.8479999999999999 2.9203375641370663e-86 1.0000000000016809
1.849 2.4716393194420117e-86 1.0000000000016807
1.8499999999999999 2.0921105577087564e-86 1.0000000000016789
1.851 1.771053309130202e-86 1.000000000001681
1.8519999999999999 1.4994295840166152e-86 1.0000000000016807
1.853 1.2696029640280718e-86 1.0000000000016789
1.8539999999999999 1.075120548910083e-86 1.0000000000016815
1.855 9.1052893638972e-87 1.0000000000016802
1.8559999999999999 7.712189065157812e-87 1.0000000000016818
1.857 6.532943186982428e-87 1.0000000000016804
1.8579999999999999 5.534614348061613e-87 1.0000000000016809
1.859 4.689354757491457e-87 1.0000000000016815
1.8599999999999999 3.9736171954676495e-87 1.0000000000016809
1.861 3.367488707299639e-87 1.0000000000016815
1.8619999999999999 2.8541278645128165e-87 1.0000000000016769
1.863 2.419289443544848e-87 1.0000000000016804
1.8639999999999999 2.0509228987931113e-87 1.000000000001681
1.865 1.7388331365668426e-87 1.0000000000016782
1.8659999999999999 1.4743938922992599e-87 1.00000000000168
1.867 1.2503055276989577e-87 1.0000000000016813
1.8679999999999999 1.060390341629978e-87 1.0000000000016815
1.869 8.994195656818182e-88 1.0000000000016793
1.8699999999999999 7.629671240225276e-88 1.0000000000016804
1.871 6.472860036716737e-88 1.0000000000016815
1.8719999999999999 5.492037280816587e-88 1.00000000000168
1.873 4.6603397264249865e-88 1.000000000001681
1.8739999999999999 3.955018212715687e-88 1.0000000000016782
1.875 3.356805519387992e-88 1.0000000000016798
1.876 2.849381670692411e-88 1.0000000000016784
1.877 2.4189216172591052e-88 1.0000000000016798
1.878 2.0537125630577343e-88 1.0000000000016804
1.879 1.7438301791677832e-88 1.0000000000016784
1.88 1.4808646132544938e-88 1.0000000000016802
1.881 1.2576886116822588e-88 1.0000000000016807
1.882 1.0682612604491038e-88 1.0000000000016822
1.883 9.074618557132227e-89 1.000000000001679
1.884 7.709492633591044e-89 1.00000000000168
1.885 6.550428440990056e-89 1.0000000000016822
1.886 5.566216264987083e-89 1.00000000000168
1.887 4.730389223464334e-89 1.0000000000016804
1.888 4.020500115322357e-89 1.0000000000016782
1.889 3.417508893917374e-89 1.0000000000016795
1.89 2.905263786839849e-89 1.0000000000016787
1.891 2.47006169796659e-89 1.0000000000016782
1.892 2.1002757381303502e-89 1.00000000000168
1.893 1.7860395999172432e-89 1.0000000000016793
1.894 1.5189800728757766e-89 1.0000000000016818
1.895 1.2919903324322836e-89 1.0000000000016802
1.896 1.0990377667805812e-89 1.0000000000016793
1.897 9.350010627809866e-90 1.0000000000016813
1.898 7.955320814120301e-90 1.0000000000016807
1.899 6.769387382710832e-90 1.0000000000016789
1.9 5.760856842794366e-90 1.0000000000016782
1.901 4.903100723224564e-90 1.0000000000016798
1.902 4.173501107987641e-90 1.0000000000016789
1.903 3.552844565619956e-90 1.0000000000016789
1.904 3.0248079732846448e-90 1.00000000000168
1.905 2.5755222559411364e-90 1.0000000000016795
1.906 2.19320219468196e-90 1.000000000022579
1.907 1.8678322652424244e-90 1.0000000000213753
1.908 1.5908999981085361e-90 1.000000000020233
1.909 1.3551696479810347e-90 1.0000000000191465
1.91 1.154490058554352e-90 1.0000000000181166
1.911 9.83631538988036e-91 1.00000000001714
1.912 8.381473568249817e-91 1.0000000000162141
1.913 7.142561201824495e-91 1.0000000000153377
1.914 6.087418882417669e-91 1.000000000014507
1.915 5.188693289639416e-91 1.0000000000137246
1.916 4.423116497625792e-91 1.0000000000129834
1.917 3.7708937174317775e-91 1.0000000000122822
1.918 3.215183105239308e-91 1.0000000000116225
1.919 2.7416537459843307e-91 1.000000000010998
1.92 2.3381100246766424e-91 1.0000000000104112
1.9209999999999998 1.9941723810152412e-91 1.0000000000098554
1.922 1.7010059555448293e-91 1.0000000000093348
1.9229999999999998 1.451089918777987e-91 1.000000000008842
1.924 1.23802136335003e-91 1.0000000000083797
1.9249999999999998 1.0563485629622813e-91 1.0000000000079452
1.926 9.01429185686734e-92 1.0000000000075355
1.9269999999999998 7.693097143947711e-92 1.000000000007152
1.928 6.566228916513863e-92 1.0000000000067912
1.9289999999999998 5.605004856526495e-92 1.0000000000064524
1.93 4.7849908061614463e-92 1.0000000000061344
1.9309999999999998 4.085369404405962e-92 1.0000000000058358
1.932 3.488402877372752e-92 1.0000000000055285
1.9329999999999998 2.9789758938890324e-92 1.0000000000052636
1.934 2.5442065130802e-92 1.0000000000050138
1.9349999999999998 2.1731150472232666e-92 1.000000000004819
1.936 1.8563421892188448e-92 1.0000000000046039
1.9369999999999998 1.585909050503797e-92 1.0000000000044025
1.938 1.355012856749274e-92 1.0000000000042149
1.9389999999999998 1.1578529846698727e-92 1.000000000004039
1.94 9.89482818674359e-93 1.0000000000038738
1.9409999999999998 8.456835820957213e-93 1.0000000000037197
1.942 7.228568723348235e-93 1.0000000000035776
1.9429999999999998 6.179331176986376e-93 1.0000000000034441
1.944 5.282935889691255e-93 1.0000000000033198
1.9449999999999998 4.517039518112149e-93 1.000000000003203
1.946 3.8625764635276015e-93 1.0000000000030942
1.9469999999999998 3.3032763559211974e-93 1.0000000000029923
1.948 2.825252814374485e-93 1.0000000000028983
1.9489999999999998 2.4166529189294383e-93 1.0000000000028104
1.95 2.0673584003394916e-93 1.000000000002729
1.9509999999999998 1.7687308909385622e-93 1.0000000000026523
1.952 1.513394717290056e-93 1.0000000000025808
1.9529999999999998 1.2950516831682164e-93 1.0000000000025155
1.954 1.1083231151367194e-93 1.0000000000024551
1.9549999999999998 9.486151440671777e-94 1.0000000000023983
1.956 8.120037926968289e-94 1.0000000000023446
1.9569999999999999 6.951369473549364e-94 1.000000000002294
1.958 5.951507245005208e-94 1.0000000000022495
1.9589999999999999 5.095981109967394e-94 1.0000000000022067
1.96 4.363880706546618e-94 1.000000000002167
1.9609999999999999 3.737335766658614e-94 1.0000000000021299
1.962 3.201072570238622e-94 1.0000000000020954
1.9629999999999999 2.7420353381246057e-94 1.000000000002064
1.964 2.349063023142163e-94 1.000000000002035
1.9649999999999999 2.012613365386461e-94 1.0000000000020082
1.966 1.7245272760950595e-94 1.0000000000019837
1.9669999999999999 1.4778276357444265e-94 1.0000000000019598
1.968 1.2665474623593978e-94 1.0000000000019378
1.9689999999999999 1.0855831478546242e-94 1.0000000000019194
1.97 9.305690925896657e-95 1.0000000000019014
1.9709999999999999 7.977706074136503e-95 1.0000000000018827
1.972 6.839924121015459e-95 1.0000000000018683
1.9729999999999999 5.865004510090806e-95 1.0000000000018527
1.974 5.029550809866147e-95 1.0000000000018405
1.9749999999999999 4.313539716359728e-95 1.0000000000018265
1.976 3.699833011148826e-95 1.000000000001816
1.9769999999999999 3.17376038087641e-95 1.0000000000018052
1.978 2.7227627734701895e-95 1.0000000000017948
1.9789999999999999 2.3360874759167363e-95 1.0000000000017868
1.98 2.0045273864997956e-95 1.000000000001778
1.9809999999999999 1.720198053658388e-95 1.00000000000177
1.982 1.476346991753753e-95 1.0000000000017635
1.9829999999999999 1.2671905847938376e-95 1.000000000001757
1.984 1.0877745727057315e-95 1.00000000000175
1.9849999999999999 9.33854698310829e-96 1.000000000001744
1.986 8.01794591393247e-96 1.0000000000017395
1.9869999999999999 6.884783917042764e-96 1.0000000000017346
1.988 5.912359760620813e-96 1.0000000000017304
1.9889999999999999 5.0777896500490994e-96 1.0000000000017255
1.99 4.3614594949486514e-96 1.0000000000017226
1.9909999999999999 3.746556045770735e-96 1.0000000000017186
1.992 3.21866550318817e-96 1.0000000000017166
1.9929999999999999 2.7654298561689685e-96 1.0000000000017124
1.994 2.376252616730051e-96 1.0000000000017095
1.9949999999999999 2.0420468261587213e-96 1.0000000000017082
1.996 1.7550192388637876e-96 1.0000000000017044
1.9969999999999999 1.5084854715942363e-96 1.000000000001703
1.998 1.296711659348718e-96 1.0000000000017015
1.9989999999999999 1.1147788035640792e-96 1.0000000000016989
2.0 9.584665490056759e-97 1.0000000000016978
